00001001 
00001010 
00000011 
00000101 
00000011 
00000110 
00001110 
00001101 
00010111 
00011011 
00001100 
00010110 
00011001 
00011001 
00001011 
00000011 
00011110 
00010001 
00011100 
00000011 
00011101 
00010001 
00011010 
00000011 
00010001 
00011011 
00000011 
00011101 
00010001 
00010100 
00100001 
00101001 
00011011 
00000011 
00010001 
00011001 
00000011 
00011101 
00010001 
00011111 
00101011 
00011001 
00011011 
00010101 
00100001 
00111110 
00011001 
00010100 
00100001 
00110100 
00000011 
00010001 
00011100 
00011111 
00110101 
00011100 
00000011 
00011101 
00010001 
00011100 
00000011 
00010001 
00011011 
00011010 
00011111 
00111111 
00011100 
00010011 
00011000 
00000111 
00010101 
00100011 
00001100 
00001111 
00010100 
00100011 
00001001 
00100101 
