00010111 
00100111 
01100010 
01101100 
01110110 
01111101 
10000000 
01111000 
01110001 
01101001 
01101000 
01101101 
01110010 
01110011 
01110001 
01100110 
01100010 
01011101 
01010100 
01001000 
00111111 
01000101 
01010001 
01011100 
01011001 
01011000 
01010111 
01110100 
10100111 
11001011 
11010111 
11011001 
11011100 
11011101 
11011110 
11011110 
11011110 
11011110 
11011101 
11010101 
11100101 
01011100 
01100101 
01110001 
01111010 
01111111 
01110001 
01101110 
01101100 
01101101 
01110010 
01110111 
01111011 
01111100 
01101011 
01100111 
01100010 
01011101 
01010011 
01001001 
01000101 
01000111 
01001001 
01010011 
00111111 
01011001 
10101001 
11010100 
11010011 
11011110 
11011011 
11011100 
11011101 
11011101 
11011110 
11011110 
11011101 
11011101 
11010100 
11100011 
01011000 
01100001 
01101110 
01111000 
01111101 
01101101 
01101110 
01101111 
01101111 
01110000 
01110010 
01110100 
01110111 
01101010 
01100111 
01100110 
01100111 
01100101 
01011111 
01010110 
01001111 
01001011 
01010000 
00111111 
10000000 
11001110 
11100000 
11010010 
11011100 
11011011 
11011100 
11011101 
11011110 
11011111 
11011111 
11011110 
11011110 
11011110 
11100001 
01010001 
01011010 
01100100 
01101010 
01101101 
01101000 
01101100 
01110000 
01110001 
01101111 
01101101 
01101100 
01101100 
01100111 
01100110 
01100110 
01101010 
01101111 
01101100 
01100001 
01010101 
01010001 
01001000 
01001110 
10110100 
11011011 
11011001 
11010010 
11011011 
11011101 
11011101 
11011110 
11011111 
11100000 
11100000 
11011110 
11011111 
11100001 
11011010 
01010100 
01011001 
01011101 
01011110 
01011101 
01101001 
01101110 
01110101 
01111010 
01111001 
01110101 
01110000 
01101110 
01100111 
01100110 
01100101 
01101000 
01101110 
01101110 
01100010 
01010100 
01010010 
01000011 
01010101 
11010000 
11011011 
11010000 
11010110 
11011111 
11011100 
11011101 
11011110 
11011111 
11011111 
11011110 
11011110 
11011101 
11011110 
11010101 
01011100 
01011111 
01011111 
01011100 
01011001 
01100110 
01101100 
01110110 
01111110 
10000000 
01111011 
01110010 
01101011 
01100101 
01100101 
01100100 
01100110 
01101110 
01110011 
01101100 
01011111 
01010010 
01001111 
01010010 
11001000 
11010101 
11010010 
11010111 
11011101 
11011010 
11011011 
11011100 
11011100 
11011101 
11011100 
11011011 
11011011 
11011100 
11011000 
01011111 
01100001 
01100000 
01011101 
01011010 
01011101 
01100011 
01101110 
01111000 
01111011 
01110100 
01101000 
01011111 
01100001 
01100011 
01100011 
01100111 
01110011 
01111110 
01111011 
01110010 
01010110 
01100000 
01001100 
10110101 
11010001 
11010111 
11010010 
11010110 
11011000 
11011001 
11011010 
11011010 
11011011 
11011011 
11011010 
11011010 
11011110 
11011111 
01101001 
01101011 
01101100 
01011111 
01001100 
01010111 
01011110 
01100110 
01101100 
01110001 
01110011 
01101100 
01100100 
01011110 
01100100 
01101001 
01101001 
01101011 
01101110 
01101100 
01101010 
01011111 
01010001 
01010010 
10100010 
11010111 
11001100 
11010001 
11001111 
11010101 
11010110 
11010111 
11011010 
11011100 
11011101 
11011101 
11011101 
11100011 
11001111 
01101011 
01101011 
01101001 
01011111 
01010011 
01010111 
01011110 
01100011 
01100100 
01100101 
01100110 
01100011 
01011111 
01100001 
01101010 
01100101 
01011110 
01100100 
01101000 
01100110 
01100111 
01011111 
01100110 
01001100 
01111001 
11010000 
11010011 
10111111 
11010100 
11001010 
11001100 
11010000 
11010100 
11010110 
11011000 
11011000 
11011000 
11001010 
11000110 
01101101 
01101011 
01100101 
01011111 
01011101 
01011100 
01100000 
01100001 
01011110 
01011100 
01011101 
01011100 
01011010 
01011000 
01101100 
01101000 
01100001 
01101110 
01110000 
01100100 
01100011 
01101000 
01101000 
01001111 
01011111 
10111000 
11011110 
11000101 
11010001 
11001011 
11001100 
11001111 
11010010 
11010100 
11010101 
11010101 
11010100 
11010110 
11010110 
01110001 
01101100 
01100001 
01011110 
01100100 
01100101 
01100101 
01100010 
01011111 
01011111 
01100000 
01011101 
01010111 
01010010 
01101001 
01100100 
01011100 
01101101 
01110010 
01100111 
01101010 
01101001 
01011001 
01100111 
01100000 
01110101 
10101100 
10110000 
10101000 
11001000 
11000111 
11000110 
11000101 
11000111 
11001010 
11001101 
11010000 
11001010 
11000110 
01110100 
01101110 
01100010 
01100000 
01100110 
01101011 
01101000 
01100100 
01100011 
01100111 
01101001 
01100000 
01010100 
01010110 
01100010 
01011011 
01010011 
01011110 
01100110 
01100111 
01101111 
01100001 
01011000 
01101110 
01010111 
01001101 
01110111 
10000111 
10001001 
10001000 
10010100 
10101000 
10111011 
11000111 
11001011 
11001010 
11001010 
11001010 
11000111 
01110111 
01110001 
01101001 
01100110 
01100111 
01101101 
01101011 
01100111 
01100110 
01101010 
01101011 
01100000 
01010011 
01010100 
01011011 
01101000 
01110000 
01101010 
01100001 
01011111 
01011110 
01100100 
01100000 
01010011 
01011100 
10010011 
10110010 
10100110 
10110000 
10010101 
10000110 
01110001 
01100100 
01100111 
01111001 
10010010 
10100011 
10100000 
10101001 
01111000 
01110101 
01110011 
01101111 
01101001 
01101110 
01110000 
01101111 
01101011 
01101000 
01100101 
01011111 
01011000 
01011001 
01010110 
01110111 
10001111 
01110101 
01011110 
01011011 
01010011 
01100110 
01011111 
01011101 
10011101 
11100111 
11101100 
11011111 
11011010 
11001100 
11001011 
11000111 
10111100 
10101010 
10010011 
01111110 
01110010 
01101001 
01101111 
01111000 
01110111 
01111011 
01110101 
01101010 
01110000 
01110111 
01110111 
01101110 
01100100 
01100000 
01011111 
01011110 
01101011 
01010101 
01110011 
10001001 
01100100 
01010001 
01100000 
01011111 
01011010 
01011100 
10010011 
11101110 
11101101 
11010011 
11100100 
11011000 
11011011 
11011011 
11011010 
11011000 
11010111 
11010100 
11010011 
11010001 
10111010 
10100111 
01111110 
01110111 
01101111 
01101110 
01110011 
10000100 
01111100 
01101111 
01100110 
01100110 
01101010 
01101001 
01100011 
01101110 
01011100 
01011111 
01100010 
01010000 
01010000 
01100100 
01101101 
01011000 
01110001 
11101010 
11110000 
11010110 
11101101 
11011101 
11100011 
11011111 
11011111 
11011111 
11011111 
11011110 
11011101 
11011100 
11011011 
11010100 
11010001 
01111011 
01110111 
01110010 
01110101 
01111100 
10000010 
01110011 
01101010 
01101110 
01110001 
01101101 
01101000 
01101000 
01100101 
01100111 
01101100 
01100110 
01010101 
01010100 
01100010 
01101010 
01100001 
10101001 
11101001 
11101011 
11100110 
11101001 
11100100 
11100101 
11100011 
11100010 
11100010 
11100010 
11100010 
11100001 
11100000 
11011111 
11011101 
11011001 
01111010 
01110110 
01110011 
01110111 
01111110 
01111000 
01101000 
01100101 
01110100 
01111000 
01101100 
01100100 
01101000 
01011111 
01101100 
01101100 
01100010 
01011100 
01011000 
01010100 
01010111 
01111010 
11100110 
11100110 
11100101 
11101111 
11100001 
11101000 
11100101 
11100100 
11100100 
11100100 
11100100 
11100011 
11100010 
11100000 
11011111 
11011011 
11001110 
01111010 
01110101 
01101111 
01101111 
01110100 
01100110 
01100100 
01101001 
01110010 
01110010 
01101000 
01100001 
01100011 
01100010 
01101100 
01100100 
01100001 
01101011 
01100010 
01010011 
01011000 
10100110 
11110100 
11100001 
11100001 
11101110 
11011011 
11101000 
11100010 
11100011 
11100011 
11100011 
11100010 
11100001 
11100000 
11011110 
11011101 
11100000 
11001110 
01111011 
01110100 
01101010 
01100110 
01100110 
01011000 
01101000 
01110010 
01101101 
01100110 
01100101 
01100011 
01011111 
01100110 
01101110 
01101001 
01101011 
01110010 
01100100 
01011011 
01101110 
11010000 
11101011 
11100001 
11100100 
11100110 
11011100 
11101000 
11100001 
11100100 
11100100 
11100011 
11100011 
11100001 
11011111 
11011110 
11011101 
11011111 
11010110 
01111001 
01110011 
01101000 
01100001 
01100000 
01010111 
01101100 
01110100 
01100111 
01011110 
01100100 
01100111 
01100001 
01101000 
01110000 
01110010 
01101110 
01100111 
01011101 
01100000 
01110001 
11011101 
11011110 
11100011 
11101000 
11100010 
11100001 
11101001 
11100011 
11100110 
11100110 
11100101 
11100100 
11100011 
11100001 
11011111 
11011110 
11010010 
11010110 
01110110 
01101111 
01100101 
01011111 
01011110 
01011111 
01100111 
01101000 
01011111 
01011011 
01100001 
01100111 
01100111 
01101010 
01101101 
01101111 
01101100 
01110010 
10001001 
10001111 
01111111 
11000100 
11011101 
11100011 
11101000 
11100100 
11100000 
11101010 
11100010 
11100100 
11100100 
11100011 
11100010 
11100001 
11011111 
11011101 
11011100 
11010111 
11010110 
01110100 
01101100 
01100010 
01011101 
01011100 
01100110 
01011110 
01011001 
01011001 
01011011 
01011110 
01100100 
01101010 
01101100 
01101000 
01101000 
01110000 
10011000 
11011000 
11011101 
10100111 
10100101 
11100011 
11100001 
11100101 
11100111 
11011011 
11101011 
11011111 
11100010 
11100010 
11100001 
11011111 
11011101 
11011010 
11011001 
11011000 
11010111 
11000101 
