255 
255 
255 
255 
255 
255 
255 
255 
255 
255 
255 
255 
255 
255 
255 
255 
255 
255 
255 
255 
255 
255 
254 
212 
155 
123 
123 
143 
168 
230 
254 
255 
255 
255 
255 
255 
255 
255 
255 
255 
255 
255 
255 
255 
255 
255 
255 
255 
255 
191 
255 
255 
255 
255 
255 
255 
255 
255 
255 
255 
255 
255 
255 
255 
255 
255 
255 
255 
255 
255 
255 
253 
201 
105 
126 
166 
186 
193 
170 
139 
202 
254 
255 
255 
255 
255 
255 
255 
255 
255 
255 
255 
255 
255 
255 
255 
255 
255 
255 
191 
255 
255 
255 
255 
255 
255 
255 
255 
255 
255 
255 
255 
255 
255 
255 
255 
255 
255 
255 
255 
255 
210 
100 
121 
137 
151 
163 
177 
189 
159 
78 
215 
255 
255 
255 
255 
255 
255 
255 
255 
255 
255 
255 
255 
255 
255 
255 
255 
255 
191 
255 
255 
255 
255 
255 
255 
255 
255 
255 
255 
255 
255 
255 
255 
255 
255 
255 
255 
255 
255 
251 
125 
84 
103 
115 
129 
141 
158 
167 
163 
70 
97 
249 
255 
255 
255 
255 
255 
255 
255 
255 
255 
255 
255 
255 
255 
255 
255 
255 
191 
255 
255 
255 
255 
255 
255 
255 
255 
255 
255 
255 
255 
255 
255 
255 
255 
255 
255 
255 
255 
216 
56 
67 
81 
93 
106 
118 
132 
144 
142 
60 
45 
211 
255 
255 
255 
255 
255 
255 
255 
255 
255 
255 
255 
255 
255 
255 
255 
255 
191 
255 
255 
255 
255 
255 
255 
255 
255 
255 
255 
255 
255 
255 
255 
255 
255 
255 
255 
255 
247 
162 
22 
45 
58 
70 
84 
96 
110 
122 
107 
21 
25 
159 
255 
255 
255 
255 
255 
255 
255 
255 
255 
255 
255 
255 
255 
255 
255 
255 
191 
255 
255 
255 
255 
255 
255 
255 
255 
255 
255 
255 
255 
255 
255 
255 
255 
255 
255 
255 
234 
110 
6 
27 
37 
48 
62 
74 
87 
94 
44 
1 
12 
116 
254 
255 
255 
255 
255 
255 
255 
255 
255 
255 
255 
255 
255 
255 
255 
255 
191 
255 
255 
255 
255 
255 
255 
255 
255 
255 
255 
255 
255 
255 
255 
255 
255 
255 
255 
255 
227 
114 
85 
23 
23 
29 
39 
49 
46 
25 
1 
0 
8 
95 
254 
255 
255 
255 
255 
255 
255 
255 
255 
255 
255 
255 
255 
255 
255 
255 
191 
255 
255 
255 
255 
255 
255 
255 
255 
255 
255 
255 
255 
255 
255 
255 
255 
255 
255 
255 
239 
172 
160 
89 
3 
7 
50 
115 
95 
17 
0 
0 
6 
90 
254 
255 
255 
255 
255 
255 
255 
255 
255 
255 
255 
255 
255 
255 
255 
255 
191 
255 
255 
255 
255 
255 
255 
255 
255 
255 
255 
255 
255 
255 
255 
255 
255 
255 
255 
255 
241 
167 
124 
146 
13 
16 
159 
198 
190 
125 
5 
0 
9 
102 
254 
255 
255 
255 
255 
255 
255 
255 
255 
255 
255 
255 
255 
255 
255 
255 
191 
255 
255 
255 
255 
255 
255 
255 
255 
255 
255 
255 
255 
255 
255 
255 
255 
255 
255 
255 
234 
129 
68 
139 
34 
51 
190 
120 
125 
172 
31 
0 
14 
119 
255 
255 
255 
255 
255 
255 
255 
255 
255 
255 
255 
255 
255 
255 
255 
255 
191 
255 
255 
255 
255 
255 
255 
255 
255 
255 
255 
255 
255 
255 
255 
255 
255 
255 
255 
255 
219 
101 
77 
140 
83 
95 
176 
38 
67 
156 
40 
0 
17 
131 
255 
255 
255 
255 
255 
255 
255 
255 
255 
255 
255 
255 
255 
255 
255 
255 
191 
255 
255 
255 
255 
255 
255 
255 
255 
255 
255 
255 
255 
255 
255 
255 
255 
255 
255 
255 
229 
159 
182 
204 
208 
201 
168 
53 
66 
156 
20 
0 
16 
129 
255 
255 
255 
255 
255 
255 
255 
255 
255 
255 
255 
255 
255 
255 
255 
255 
191 
255 
255 
255 
255 
255 
255 
255 
255 
255 
255 
255 
255 
255 
255 
255 
255 
255 
255 
255 
206 
183 
233 
228 
222 
216 
205 
175 
160 
134 
26 
0 
11 
110 
254 
255 
255 
255 
255 
255 
255 
255 
255 
255 
255 
255 
255 
255 
255 
255 
191 
255 
255 
255 
255 
255 
255 
255 
255 
255 
255 
255 
255 
255 
255 
255 
255 
255 
255 
245 
132 
165 
212 
226 
223 
221 
212 
198 
185 
172 
125 
27 
1 
70 
250 
255 
255 
255 
255 
255 
255 
255 
255 
255 
255 
255 
255 
255 
255 
255 
191 
255 
255 
255 
255 
255 
255 
255 
255 
255 
255 
255 
255 
255 
255 
255 
255 
255 
241 
147 
33 
124 
189 
202 
208 
214 
207 
186 
169 
162 
146 
52 
0 
23 
202 
255 
255 
255 
255 
255 
255 
255 
255 
255 
255 
255 
255 
255 
255 
255 
191 
255 
255 
255 
255 
255 
255 
255 
255 
255 
255 
255 
255 
255 
255 
255 
255 
241 
135 
15 
39 
155 
161 
172 
182 
179 
173 
182 
194 
177 
101 
12 
0 
0 
72 
214 
255 
255 
255 
255 
255 
255 
255 
255 
255 
255 
255 
255 
255 
255 
191 
255 
255 
255 
255 
255 
255 
255 
255 
255 
255 
255 
255 
255 
255 
255 
207 
91 
5 
0 
91 
190 
186 
173 
171 
184 
210 
223 
224 
189 
92 
0 
0 
0 
1 
58 
220 
255 
255 
255 
255 
255 
255 
255 
255 
255 
255 
255 
255 
255 
191 
255 
255 
255 
255 
255 
255 
255 
255 
255 
255 
255 
255 
255 
255 
227 
94 
4 
0 
27 
160 
189 
204 
207 
209 
215 
220 
222 
216 
186 
128 
6 
0 
0 
0 
0 
83 
238 
255 
255 
255 
255 
255 
255 
255 
255 
255 
255 
255 
255 
191 
255 
255 
255 
255 
255 
255 
255 
255 
255 
255 
255 
255 
255 
219 
118 
20 
0 
20 
111 
189 
193 
199 
206 
212 
215 
216 
215 
200 
186 
150 
25 
0 
0 
0 
1 
34 
133 
252 
255 
255 
255 
255 
255 
255 
255 
255 
255 
255 
255 
191 
255 
255 
255 
255 
255 
255 
255 
255 
255 
255 
255 
255 
251 
142 
46 
0 
0 
59 
182 
197 
205 
212 
216 
216 
212 
206 
201 
195 
191 
166 
61 
0 
0 
0 
0 
10 
46 
202 
254 
255 
255 
255 
255 
255 
255 
255 
255 
255 
255 
191 
255 
255 
255 
255 
255 
255 
255 
255 
255 
255 
255 
253 
202 
79 
6 
0 
17 
152 
208 
229 
242 
247 
249 
250 
246 
235 
217 
204 
197 
186 
115 
1 
0 
0 
0 
13 
49 
101 
245 
255 
255 
255 
255 
255 
255 
255 
255 
255 
255 
191 
255 
255 
255 
255 
255 
255 
255 
255 
255 
255 
255 
222 
124 
34 
0 
11 
91 
212 
238 
245 
246 
248 
249 
250 
251 
252 
250 
230 
206 
196 
163 
20 
0 
0 
0 
0 
26 
99 
183 
255 
255 
255 
255 
255 
255 
255 
255 
255 
255 
191 
255 
255 
255 
255 
255 
255 
255 
255 
255 
255 
255 
203 
78 
10 
0 
38 
179 
236 
241 
244 
246 
247 
249 
250 
250 
250 
251 
249 
233 
203 
191 
65 
0 
0 
0 
0 
2 
83 
101 
246 
255 
255 
255 
255 
255 
255 
255 
255 
255 
191 
255 
255 
255 
255 
255 
255 
255 
255 
255 
255 
251 
116 
48 
25 
0 
89 
223 
236 
240 
243 
245 
247 
249 
250 
250 
250 
249 
249 
248 
221 
198 
131 
4 
2 
12 
0 
0 
47 
90 
198 
255 
255 
255 
255 
255 
255 
255 
255 
255 
191 
255 
255 
255 
255 
255 
255 
255 
255 
255 
255 
220 
75 
45 
28 
9 
156 
229 
235 
239 
242 
245 
248 
249 
250 
250 
249 
249 
248 
248 
237 
204 
160 
30 
5 
28 
9 
0 
36 
114 
126 
254 
255 
255 
255 
255 
255 
255 
255 
255 
191 
255 
255 
255 
255 
255 
255 
255 
255 
255 
249 
172 
68 
55 
33 
39 
194 
228 
233 
237 
242 
245 
248 
251 
252 
251 
249 
248 
247 
246 
239 
211 
173 
63 
0 
32 
31 
0 
27 
118 
83 
240 
255 
255 
255 
255 
255 
255 
255 
255 
191 
255 
255 
255 
255 
255 
255 
255 
255 
255 
234 
122 
74 
76 
44 
62 
203 
226 
231 
236 
240 
244 
248 
251 
253 
251 
249 
247 
245 
244 
239 
215 
183 
93 
0 
37 
55 
0 
23 
115 
74 
214 
255 
255 
255 
255 
255 
255 
255 
255 
191 
255 
255 
255 
255 
255 
255 
255 
255 
255 
222 
85 
75 
94 
67 
74 
201 
222 
228 
233 
238 
242 
246 
249 
250 
249 
247 
245 
243 
242 
236 
214 
186 
109 
0 
47 
78 
0 
22 
108 
63 
193 
255 
255 
255 
255 
255 
255 
255 
255 
191 
255 
255 
255 
255 
255 
255 
255 
255 
255 
213 
59 
69 
86 
122 
83 
198 
215 
225 
230 
235 
239 
243 
245 
247 
246 
244 
242 
240 
239 
231 
207 
185 
109 
4 
79 
86 
0 
24 
101 
49 
180 
255 
255 
255 
255 
255 
255 
255 
255 
191 
255 
255 
255 
255 
255 
255 
255 
255 
255 
205 
37 
62 
62 
159 
83 
192 
204 
220 
226 
231 
235 
238 
241 
242 
241 
240 
239 
236 
235 
223 
199 
179 
92 
24 
138 
58 
0 
34 
94 
38 
182 
255 
255 
255 
255 
255 
255 
255 
255 
191 
255 
255 
255 
255 
255 
255 
254 
240 
226 
190 
34 
120 
127 
130 
117 
179 
196 
209 
220 
225 
229 
232 
235 
236 
236 
235 
234 
232 
228 
206 
195 
169 
63 
48 
160 
18 
0 
60 
71 
38 
198 
255 
255 
255 
255 
255 
255 
255 
255 
191 
255 
255 
255 
255 
255 
255 
244 
189 
204 
172 
104 
195 
205 
110 
149 
159 
192 
198 
208 
217 
223 
226 
228 
229 
229 
229 
228 
221 
208 
196 
191 
154 
36 
98 
92 
0 
18 
78 
35 
47 
220 
255 
255 
255 
255 
255 
255 
255 
255 
191 
255 
255 
255 
254 
242 
247 
224 
189 
227 
228 
212 
233 
227 
103 
65 
152 
184 
193 
198 
204 
210 
216 
219 
221 
221 
218 
213 
203 
197 
191 
186 
134 
60 
120 
12 
17 
58 
70 
9 
70 
246 
255 
255 
255 
255 
255 
255 
255 
255 
191 
255 
255 
255 
235 
188 
190 
180 
205 
229 
233 
236 
237 
233 
146 
39 
58 
146 
186 
192 
196 
199 
201 
204 
204 
204 
201 
198 
194 
191 
186 
180 
111 
96 
22 
2 
38 
74 
36 
3 
148 
254 
255 
255 
255 
255 
255 
255 
255 
255 
191 
255 
255 
255 
231 
177 
194 
196 
214 
226 
231 
234 
234 
234 
192 
86 
26 
33 
108 
178 
189 
192 
194 
195 
195 
195 
194 
191 
188 
185 
180 
159 
67 
15 
8 
32 
60 
50 
5 
39 
225 
255 
255 
255 
255 
255 
255 
255 
255 
255 
191 
255 
255 
255 
243 
200 
179 
195 
205 
219 
227 
230 
230 
230 
218 
150 
47 
31 
26 
67 
157 
185 
187 
188 
188 
188 
185 
179 
182 
166 
156 
108 
7 
11 
34 
48 
40 
11 
19 
133 
253 
255 
255 
255 
255 
255 
255 
255 
255 
255 
191 
255 
255 
255 
254 
250 
206 
185 
200 
207 
218 
224 
225 
225 
224 
202 
87 
28 
27 
21 
55 
164 
180 
181 
181 
179 
162 
163 
121 
124 
128 
104 
59 
12 
22 
29 
9 
0 
60 
228 
255 
255 
255 
255 
255 
255 
255 
255 
255 
255 
191 
255 
255 
255 
255 
255 
236 
186 
193 
200 
205 
210 
216 
218 
218 
215 
135 
29 
22 
21 
32 
135 
173 
173 
174 
166 
186 
193 
74 
107 
131 
139 
69 
22 
9 
5 
0 
14 
174 
254 
255 
255 
255 
255 
255 
255 
255 
255 
255 
255 
191 
255 
255 
255 
255 
255 
254 
229 
179 
195 
198 
199 
200 
203 
207 
208 
154 
31 
8 
8 
29 
139 
169 
169 
167 
160 
217 
191 
32 
47 
66 
80 
54 
48 
51 
36 
26 
130 
249 
255 
255 
255 
255 
255 
255 
255 
255 
255 
255 
255 
191 
255 
255 
255 
255 
255 
255 
253 
206 
182 
192 
193 
192 
190 
188 
187 
154 
38 
0 
0 
30 
137 
166 
168 
164 
165 
231 
206 
35 
10 
19 
35 
79 
70 
55 
47 
131 
244 
254 
255 
255 
255 
255 
255 
255 
255 
255 
255 
255 
255 
191 
255 
255 
255 
255 
255 
254 
254 
235 
186 
182 
187 
186 
185 
182 
179 
142 
28 
0 
0 
0 
20 
58 
75 
115 
195 
237 
229 
124 
43 
53 
123 
181 
115 
13 
21 
201 
255 
255 
255 
255 
255 
255 
255 
255 
255 
255 
255 
255 
255 
191 
255 
255 
255 
255 
255 
255 
255 
254 
241 
186 
175 
180 
179 
177 
173 
132 
64 
109 
155 
147 
103 
29 
8 
128 
225 
234 
233 
214 
179 
177 
201 
192 
126 
25 
118 
247 
255 
255 
255 
255 
255 
255 
255 
255 
255 
255 
255 
255 
255 
191 
255 
255 
255 
255 
255 
255 
255 
255 
254 
239 
202 
174 
168 
165 
176 
222 
243 
254 
255 
255 
253 
186 
80 
174 
229 
229 
228 
227 
222 
213 
204 
191 
173 
134 
204 
232 
253 
255 
255 
255 
255 
255 
255 
255 
255 
255 
255 
255 
255 
191 
255 
255 
255 
255 
255 
255 
255 
255 
255 
255 
254 
242 
228 
229 
246 
254 
255 
255 
255 
255 
255 
252 
204 
192 
224 
222 
221 
218 
213 
204 
193 
180 
184 
187 
170 
175 
236 
255 
255 
255 
255 
255 
255 
255 
255 
255 
255 
255 
255 
191 
255 
255 
255 
255 
255 
255 
255 
255 
255 
255 
255 
255 
255 
255 
255 
255 
255 
255 
255 
255 
255 
254 
228 
184 
215 
213 
211 
207 
201 
190 
182 
174 
168 
163 
162 
173 
237 
255 
255 
255 
255 
255 
255 
255 
255 
255 
255 
255 
255 
191 
255 
255 
255 
255 
255 
255 
255 
255 
255 
255 
255 
255 
255 
255 
255 
255 
255 
255 
255 
255 
255 
255 
246 
179 
189 
193 
191 
187 
183 
179 
175 
169 
164 
158 
168 
217 
253 
255 
255 
255 
255 
255 
255 
255 
255 
255 
255 
255 
255 
191 
255 
255 
255 
255 
255 
255 
255 
255 
255 
255 
255 
255 
255 
255 
255 
255 
255 
255 
255 
255 
255 
255 
254 
218 
164 
171 
174 
175 
174 
171 
168 
159 
168 
211 
243 
254 
255 
255 
255 
255 
255 
255 
255 
255 
255 
255 
255 
255 
255 
191 
255 
255 
255 
255 
255 
255 
255 
255 
255 
255 
255 
255 
255 
255 
255 
255 
255 
255 
255 
255 
255 
255 
255 
248 
210 
165 
162 
165 
165 
161 
161 
194 
241 
254 
255 
255 
255 
255 
255 
255 
255 
255 
255 
255 
255 
255 
255 
255 
255 
191 
191 
191 
191 
191 
191 
191 
191 
191 
191 
191 
191 
191 
191 
191 
191 
191 
191 
191 
191 
191 
191 
191 
191 
191 
190 
172 
137 
114 
111 
129 
165 
189 
191 
191 
191 
191 
191 
191 
191 
191 
191 
191 
191 
191 
191 
191 
191 
191 
191 
143 
