114 
94 
93 
110 
85 
76 
64 
68 
74 
75 
85 
100 
108 
111 
114 
112 
108 
107 
112 
112 
117 
117 
123 
121 
127 
126 
125 
111 
105 
115 
107 
105 
107 
100 
101 
106 
107 
93 
86 
88 
92 
97 
88 
94 
88 
104 
114 
110 
113 
128 
139 
144 
151 
161 
153 
138 
131 
127 
126 
127 
136 
147 
151 
109 
114 
97 
79 
70 
57 
56 
53 
56 
63 
80 
84 
91 
104 
107 
104 
101 
106 
111 
103 
106 
117 
120 
128 
128 
129 
123 
120 
106 
99 
99 
104 
100 
100 
99 
104 
108 
107 
92 
81 
79 
81 
80 
53 
61 
67 
85 
99 
104 
116 
116 
123 
140 
153 
156 
147 
130 
117 
120 
123 
120 
133 
139 
147 
117 
108 
96 
81 
59 
45 
43 
52 
72 
102 
85 
73 
80 
109 
110 
101 
106 
100 
102 
105 
112 
122 
120 
118 
126 
123 
118 
112 
100 
91 
93 
99 
89 
93 
95 
100 
105 
105 
91 
75 
70 
69 
61 
47 
39 
44 
68 
90 
102 
105 
108 
124 
137 
145 
144 
129 
116 
111 
114 
117 
127 
133 
137 
147 
121 
95 
91 
93 
73 
67 
56 
55 
60 
70 
65 
59 
74 
94 
104 
102 
103 
101 
100 
103 
114 
123 
109 
113 
127 
128 
125 
109 
92 
85 
91 
91 
89 
93 
96 
102 
104 
100 
84 
68 
62 
59 
60 
62 
54 
47 
55 
74 
95 
92 
97 
109 
120 
134 
135 
128 
116 
113 
120 
127 
141 
130 
131 
150 
112 
86 
80 
74 
69 
73 
76 
93 
58 
53 
61 
70 
75 
86 
99 
95 
100 
103 
100 
97 
107 
115 
113 
123 
119 
123 
119 
99 
82 
84 
90 
96 
94 
98 
100 
104 
97 
88 
75 
60 
60 
61 
66 
69 
68 
62 
60 
68 
92 
96 
103 
112 
115 
120 
137 
149 
132 
113 
120 
128 
135 
126 
128 
158 
106 
79 
79 
68 
58 
52 
56 
52 
45 
53 
58 
46 
52 
66 
96 
100 
103 
96 
99 
95 
109 
121 
127 
123 
117 
112 
102 
94 
91 
93 
99 
103 
95 
99 
102 
102 
91 
79 
68 
62 
66 
69 
75 
79 
83 
82 
84 
90 
98 
102 
99 
107 
111 
108 
127 
124 
115 
111 
116 
125 
138 
141 
135 
151 
139 
80 
75 
65 
55 
50 
47 
47 
48 
33 
37 
42 
43 
62 
101 
90 
91 
97 
99 
97 
104 
112 
121 
116 
105 
98 
94 
94 
97 
97 
103 
106 
107 
111 
110 
113 
103 
90 
76 
69 
74 
78 
78 
81 
89 
101 
106 
106 
109 
98 
91 
95 
100 
100 
102 
92 
90 
103 
116 
112 
134 
157 
181 
226 
172 
91 
83 
76 
65 
59 
51 
55 
45 
39 
47 
64 
88 
108 
89 
73 
85 
100 
100 
111 
103 
110 
115 
111 
108 
102 
104 
112 
110 
99 
97 
101 
109 
114 
112 
110 
99 
87 
76 
72 
72 
77 
85 
82 
84 
101 
108 
111 
115 
111 
108 
101 
89 
86 
97 
92 
88 
98 
110 
107 
120 
193 
230 
230 
170 
101 
89 
91 
87 
81 
67 
59 
59 
61 
71 
80 
120 
142 
95 
80 
88 
95 
100 
100 
101 
107 
110 
108 
106 
100 
94 
85 
75 
77 
83 
96 
108 
108 
101 
96 
88 
82 
80 
77 
70 
73 
80 
80 
87 
92 
99 
107 
111 
116 
120 
118 
113 
107 
91 
88 
103 
106 
100 
111 
176 
228 
222 
221 
167 
86 
90 
92 
91 
86 
76 
76 
79 
77 
84 
96 
100 
93 
80 
103 
102 
96 
96 
97 
99 
98 
105 
105 
96 
92 
85 
71 
72 
74 
82 
99 
101 
98 
86 
81 
82 
83 
84 
78 
65 
71 
71 
69 
81 
86 
96 
102 
104 
115 
126 
123 
122 
125 
118 
104 
103 
105 
109 
151 
223 
226 
222 
218 
164 
88 
97 
104 
106 
106 
104 
111 
115 
110 
118 
127 
115 
111 
100 
107 
101 
100 
96 
98 
97 
91 
98 
96 
92 
89 
78 
73 
83 
83 
93 
101 
97 
92 
89 
86 
85 
90 
95 
91 
61 
67 
73 
68 
71 
78 
81 
86 
99 
115 
113 
102 
108 
111 
119 
116 
107 
107 
130 
193 
218 
223 
221 
216 
160 
112 
105 
113 
118 
120 
128 
138 
133 
125 
124 
137 
141 
138 
117 
103 
103 
98 
92 
91 
92 
97 
97 
100 
98 
95 
88 
78 
81 
82 
84 
80 
76 
82 
83 
82 
82 
84 
81 
64 
61 
67 
67 
60 
60 
73 
90 
82 
96 
102 
103 
92 
80 
101 
113 
106 
112 
113 
135 
149 
183 
206 
207 
205 
151 
104 
113 
121 
127 
130 
140 
136 
124 
122 
122 
143 
151 
146 
125 
108 
104 
101 
92 
82 
90 
101 
99 
99 
99 
96 
91 
85 
81 
80 
81 
76 
73 
76 
77 
76 
76 
75 
89 
60 
55 
58 
60 
56 
65 
73 
85 
85 
94 
94 
87 
85 
83 
103 
100 
107 
142 
139 
112 
100 
130 
159 
171 
169 
122 
111 
116 
125 
118 
118 
133 
134 
125 
121 
124 
141 
148 
140 
126 
115 
106 
99 
98 
95 
93 
98 
95 
88 
89 
90 
91 
87 
81 
84 
87 
89 
81 
73 
75 
71 
67 
65 
53 
52 
53 
54 
56 
62 
76 
79 
85 
92 
94 
86 
84 
92 
95 
117 
150 
192 
199 
175 
138 
106 
97 
103 
110 
108 
83 
111 
114 
115 
116 
129 
134 
128 
122 
122 
130 
140 
145 
138 
131 
123 
109 
96 
101 
104 
97 
94 
93 
84 
83 
86 
86 
82 
90 
97 
91 
100 
87 
75 
69 
69 
60 
63 
52 
54 
55 
60 
70 
85 
91 
94 
106 
107 
105 
104 
109 
119 
124 
185 
218 
214 
214 
213 
194 
155 
103 
92 
103 
97 
74 
96 
103 
111 
113 
123 
123 
111 
110 
115 
125 
135 
148 
146 
134 
118 
106 
102 
103 
101 
98 
96 
86 
80 
77 
82 
81 
71 
79 
93 
106 
108 
91 
75 
66 
63 
57 
66 
51 
53 
60 
71 
97 
107 
110 
113 
119 
115 
114 
116 
121 
127 
174 
221 
222 
211 
209 
210 
203 
178 
118 
100 
115 
110 
80 
76 
91 
97 
109 
106 
110 
112 
120 
119 
120 
134 
143 
138 
131 
115 
110 
120 
120 
98 
85 
64 
55 
56 
57 
64 
61 
60 
89 
124 
136 
135 
116 
92 
78 
66 
58 
51 
54 
61 
67 
86 
107 
115 
119 
125 
134 
125 
125 
130 
144 
166 
208 
217 
215 
214 
207 
204 
198 
181 
128 
93 
97 
106 
95 
69 
103 
87 
95 
91 
104 
109 
108 
107 
119 
131 
127 
128 
128 
120 
109 
107 
100 
96 
84 
66 
52 
43 
36 
42 
50 
82 
125 
142 
137 
136 
127 
113 
101 
86 
75 
65 
71 
84 
93 
111 
119 
122 
126 
131 
132 
144 
175 
190 
158 
134 
163 
186 
197 
202 
202 
197 
179 
142 
97 
85 
91 
110 
98 
87 
115 
69 
75 
81 
86 
92 
95 
105 
116 
124 
124 
129 
124 
116 
114 
116 
112 
110 
108 
111 
106 
92 
67 
54 
75 
130 
137 
130 
121 
121 
121 
123 
122 
114 
101 
87 
81 
95 
111 
123 
120 
119 
122 
129 
133 
164 
179 
139 
108 
91 
105 
124 
147 
169 
173 
155 
128 
97 
88 
91 
87 
97 
85 
69 
56 
44 
65 
69 
76 
83 
90 
105 
116 
121 
120 
116 
116 
140 
122 
119 
117 
118 
126 
129 
140 
144 
133 
112 
111 
142 
137 
132 
126 
118 
110 
119 
129 
129 
121 
111 
106 
116 
121 
125 
125 
130 
132 
133 
155 
187 
170 
149 
113 
87 
84 
85 
101 
120 
117 
98 
90 
91 
108 
113 
97 
84 
67 
94 
65 
41 
46 
63 
72 
84 
96 
110 
118 
118 
112 
107 
105 
119 
112 
123 
124 
118 
117 
120 
131 
137 
140 
122 
108 
122 
125 
128 
126 
121 
112 
121 
127 
127 
121 
112 
103 
119 
123 
124 
124 
122 
135 
174 
206 
211 
205 
190 
151 
106 
86 
92 
91 
91 
86 
81 
87 
98 
119 
126 
108 
86 
63 
43 
39 
36 
45 
70 
84 
91 
98 
109 
115 
119 
109 
106 
106 
108 
116 
122 
122 
117 
114 
120 
127 
130 
133 
115 
110 
113 
117 
131 
128 
111 
111 
133 
144 
124 
109 
101 
101 
112 
132 
128 
130 
144 
186 
212 
207 
201 
202 
193 
164 
116 
87 
97 
92 
89 
100 
99 
90 
94 
112 
119 
101 
89 
75 
47 
34 
31 
56 
91 
93 
92 
99 
109 
104 
102 
100 
98 
92 
98 
114 
119 
123 
119 
112 
113 
119 
124 
127 
124 
128 
109 
110 
120 
118 
76 
105 
144 
134 
100 
100 
99 
94 
101 
117 
132 
166 
162 
194 
210 
200 
182 
188 
184 
158 
118 
87 
85 
85 
97 
120 
124 
99 
84 
97 
98 
101 
124 
108 
48 
43 
37 
57 
83 
73 
73 
84 
95 
92 
95 
92 
87 
84 
92 
102 
113 
121 
120 
110 
106 
111 
117 
125 
136 
155 
126 
83 
69 
92 
99 
120 
129 
120 
103 
106 
88 
92 
88 
108 
156 
149 
122 
163 
192 
196 
185 
176 
169 
146 
111 
86 
78 
83 
102 
116 
114 
95 
84 
97 
97 
124 
162 
125 
48 
65 
54 
56 
61 
48 
43 
65 
85 
88 
95 
105 
78 
83 
94 
107 
116 
119 
119 
111 
105 
107 
113 
123 
136 
141 
121 
125 
62 
87 
124 
130 
130 
116 
104 
94 
75 
87 
79 
110 
126 
100 
93 
117 
153 
173 
170 
158 
143 
119 
93 
87 
82 
79 
92 
102 
99 
82 
76 
86 
91 
122 
154 
125 
31 
43 
58 
72 
56 
37 
40 
58 
73 
89 
79 
77 
79 
97 
108 
116 
115 
116 
117 
111 
103 
107 
116 
120 
123 
129 
104 
80 
56 
83 
116 
120 
123 
119 
77 
81 
92 
92 
98 
101 
101 
96 
85 
89 
109 
131 
134 
122 
104 
89 
85 
95 
90 
80 
79 
79 
78 
74 
79 
80 
78 
107 
141 
116 
29 
30 
33 
55 
48 
45 
46 
56 
62 
69 
56 
73 
82 
98 
113 
118 
115 
119 
118 
111 
113 
115 
114 
117 
122 
115 
116 
82 
47 
69 
96 
109 
104 
105 
84 
102 
117 
120 
107 
91 
92 
92 
82 
79 
82 
90 
91 
86 
78 
80 
90 
95 
85 
81 
93 
98 
91 
80 
73 
66 
65 
91 
120 
99 
30 
29 
31 
32 
45 
36 
34 
39 
50 
46 
53 
75 
90 
100 
109 
113 
111 
114 
115 
114 
120 
121 
119 
119 
121 
118 
113 
91 
52 
55 
79 
99 
101 
99 
109 
149 
174 
158 
132 
98 
79 
78 
81 
89 
84 
81 
82 
81 
77 
76 
83 
84 
82 
101 
133 
145 
131 
105 
78 
53 
51 
73 
92 
76 
31 
30 
33 
36 
45 
31 
29 
29 
33 
34 
49 
82 
92 
93 
96 
109 
105 
108 
104 
110 
121 
118 
120 
121 
118 
133 
121 
93 
59 
52 
65 
95 
119 
130 
171 
195 
198 
188 
166 
122 
90 
78 
84 
94 
86 
84 
97 
97 
86 
72 
70 
76 
92 
132 
163 
163 
152 
129 
97 
58 
45 
53 
65 
55 
35 
30 
31 
31 
29 
30 
29 
29 
30 
32 
39 
68 
62 
85 
92 
102 
100 
104 
94 
90 
102 
103 
104 
111 
107 
115 
125 
105 
68 
52 
63 
102 
130 
167 
190 
194 
195 
189 
175 
134 
99 
80 
81 
83 
77 
88 
102 
103 
91 
73 
65 
81 
111 
150 
167 
166 
151 
126 
98 
62 
39 
38 
47 
44 
34 
32 
34 
33 
32 
33 
30 
31 
29 
30 
36 
56 
47 
74 
91 
98 
104 
106 
96 
89 
85 
84 
88 
95 
108 
116 
121 
116 
87 
64 
88 
119 
137 
180 
184 
178 
179 
177 
164 
132 
97 
84 
86 
84 
77 
86 
94 
94 
84 
69 
64 
79 
110 
145 
159 
156 
138 
107 
87 
58 
43 
52 
84 
93 
37 
48 
51 
52 
52 
47 
41 
39 
33 
32 
36 
40 
41 
66 
96 
104 
112 
105 
92 
107 
110 
115 
125 
131 
136 
125 
127 
126 
98 
88 
113 
121 
134 
169 
176 
171 
165 
159 
148 
117 
87 
82 
88 
84 
76 
75 
75 
71 
64 
60 
59 
71 
98 
127 
132 
125 
110 
91 
75 
70 
84 
112 
140 
100 
57 
72 
90 
105 
95 
82 
73 
69 
55 
40 
36 
38 
56 
62 
91 
107 
119 
106 
90 
113 
118 
121 
129 
140 
143 
137 
134 
126 
136 
145 
127 
96 
103 
133 
154 
156 
148 
139 
121 
91 
77 
75 
79 
82 
90 
96 
84 
70 
61 
62 
61 
59 
76 
98 
96 
91 
83 
78 
81 
122 
142 
142 
137 
102 
112 
119 
132 
137 
128 
121 
118 
111 
92 
78 
64 
54 
61 
69 
94 
108 
120 
109 
88 
110 
101 
108 
106 
117 
133 
133 
119 
115 
158 
123 
88 
77 
79 
96 
115 
120 
118 
108 
91 
74 
72 
78 
94 
115 
134 
134 
112 
85 
66 
59 
57 
48 
49 
60 
68 
63 
62 
86 
113 
128 
133 
137 
135 
96 
131 
134 
142 
144 
142 
142 
141 
135 
126 
125 
108 
99 
86 
72 
95 
110 
122 
118 
95 
117 
98 
101 
84 
97 
118 
108 
105 
127 
138 
107 
85 
74 
71 
77 
83 
88 
85 
77 
73 
74 
75 
99 
129 
153 
163 
153 
133 
101 
69 
48 
48 
41 
36 
40 
46 
59 
83 
119 
132 
129 
122 
129 
126 
84 
127 
140 
146 
141 
143 
149 
148 
142 
138 
135 
122 
114 
103 
78 
86 
107 
116 
105 
92 
111 
97 
67 
49 
58 
80 
122 
163 
185 
176 
139 
105 
78 
71 
76 
79 
75 
71 
76 
80 
76 
76 
112 
145 
163 
164 
155 
130 
98 
65 
42 
39 
35 
39 
61 
81 
99 
103 
109 
113 
126 
116 
117 
119 
82 
125 
135 
145 
139 
143 
152 
157 
145 
135 
132 
132 
109 
91 
76 
81 
97 
105 
96 
92 
101 
96 
75 
56 
64 
110 
172 
183 
182 
176 
156 
129 
94 
80 
87 
91 
79 
72 
78 
79 
71 
75 
113 
145 
158 
153 
139 
112 
88 
61 
41 
38 
42 
63 
82 
95 
111 
106 
106 
109 
108 
108 
103 
108 
79 
125 
127 
131 
124 
151 
147 
147 
138 
131 
128 
123 
96 
76 
69 
79 
89 
94 
101 
84 
95 
93 
116 
146 
137 
149 
175 
177 
175 
171 
159 
134 
97 
79 
85 
85 
77 
68 
66 
64 
63 
71 
103 
133 
141 
128 
111 
94 
76 
55 
43 
44 
54 
74 
80 
85 
106 
100 
94 
99 
93 
92 
84 
87 
63 
145 
143 
130 
109 
115 
119 
136 
115 
117 
120 
105 
84 
75 
75 
84 
91 
102 
105 
81 
83 
92 
137 
146 
113 
130 
158 
165 
161 
154 
142 
118 
88 
78 
88 
90 
87 
77 
64 
55 
59 
61 
83 
103 
105 
92 
85 
76 
58 
46 
46 
50 
63 
78 
83 
96 
99 
93 
99 
102 
94 
88 
83 
76 
48 
149 
157 
144 
130 
114 
107 
108 
97 
97 
92 
83 
80 
79 
70 
76 
86 
110 
108 
86 
87 
101 
105 
84 
81 
96 
125 
136 
134 
127 
118 
96 
82 
98 
116 
120 
112 
96 
75 
60 
53 
48 
57 
68 
71 
63 
57 
52 
45 
45 
51 
53 
69 
81 
78 
84 
87 
88 
100 
99 
97 
95 
87 
74 
47 
148 
157 
134 
134 
110 
100 
91 
91 
84 
83 
85 
85 
74 
62 
81 
86 
108 
118 
130 
141 
139 
116 
91 
77 
77 
90 
101 
102 
97 
83 
74 
93 
124 
140 
144 
127 
105 
76 
53 
42 
40 
41 
44 
47 
46 
50 
56 
60 
57 
59 
69 
81 
83 
80 
77 
85 
93 
116 
102 
99 
103 
97 
83 
49 
135 
125 
115 
127 
108 
96 
91 
89 
80 
81 
85 
82 
70 
66 
85 
117 
151 
155 
166 
169 
164 
138 
108 
85 
73 
73 
73 
73 
73 
69 
76 
105 
133 
144 
137 
122 
102 
74 
50 
38 
38 
40 
40 
37 
32 
47 
63 
61 
63 
84 
105 
111 
112 
108 
89 
82 
83 
98 
104 
103 
102 
97 
78 
44 
123 
124 
119 
116 
92 
91 
85 
88 
92 
110 
103 
88 
85 
86 
99 
141 
139 
155 
160 
162 
156 
137 
114 
87 
77 
77 
67 
64 
65 
64 
73 
99 
124 
133 
126 
108 
87 
67 
43 
38 
42 
44 
38 
32 
31 
55 
75 
79 
95 
113 
111 
110 
115 
114 
105 
77 
67 
86 
97 
99 
97 
90 
73 
44 
107 
112 
105 
87 
80 
97 
97 
99 
116 
116 
81 
91 
116 
123 
117 
119 
103 
126 
148 
146 
135 
121 
101 
83 
89 
90 
83 
71 
63 
59 
67 
86 
103 
107 
104 
89 
77 
56 
36 
39 
42 
38 
30 
30 
44 
74 
95 
107 
111 
111 
105 
109 
114 
116 
125 
107 
85 
92 
112 
103 
96 
89 
80 
51 
91 
99 
93 
77 
87 
105 
109 
110 
108 
95 
115 
148 
166 
169 
160 
146 
116 
98 
108 
119 
115 
97 
87 
107 
123 
120 
107 
83 
64 
55 
57 
65 
76 
75 
72 
70 
58 
39 
32 
33 
29 
28 
26 
32 
48 
77 
100 
106 
108 
109 
107 
113 
113 
113 
123 
120 
101 
88 
94 
96 
98 
92 
83 
55 
90 
86 
74 
85 
101 
110 
106 
109 
119 
138 
161 
170 
165 
168 
160 
146 
132 
100 
84 
87 
85 
79 
96 
132 
141 
128 
110 
82 
58 
47 
44 
43 
48 
47 
47 
44 
35 
29 
27 
26 
25 
26 
25 
33 
48 
69 
92 
100 
108 
110 
103 
105 
102 
106 
114 
109 
103 
92 
85 
91 
94 
86 
77 
54 
83 
86 
72 
87 
106 
113 
111 
131 
167 
177 
179 
177 
164 
149 
142 
130 
117 
100 
96 
88 
74 
73 
101 
130 
135 
125 
104 
76 
53 
39 
35 
36 
36 
36 
35 
32 
29 
26 
25 
24 
24 
25 
26 
34 
45 
62 
77 
85 
93 
99 
95 
91 
90 
103 
105 
102 
96 
97 
88 
95 
88 
72 
67 
47 
93 
89 
78 
84 
98 
104 
109 
152 
173 
171 
186 
177 
155 
127 
111 
109 
103 
122 
135 
118 
88 
69 
85 
111 
116 
106 
90 
68 
47 
35 
36 
37 
40 
39 
32 
27 
25 
25 
25 
25 
24 
26 
34 
50 
57 
58 
63 
62 
72 
83 
91 
87 
86 
99 
103 
107 
99 
95 
95 
96 
77 
68 
63 
45 
112 
113 
113 
122 
98 
111 
109 
151 
165 
185 
193 
185 
159 
124 
112 
112 
111 
138 
140 
120 
93 
63 
65 
89 
91 
83 
75 
58 
40 
36 
37 
33 
35 
31 
25 
26 
25 
26 
27 
27 
26 
28 
40 
59 
70 
67 
56 
56 
66 
76 
82 
82 
91 
103 
102 
106 
103 
88 
80 
79 
69 
79 
84 
60 
118 
114 
115 
107 
94 
107 
103 
136 
162 
185 
187 
179 
164 
143 
140 
142 
123 
129 
132 
113 
86 
55 
52 
71 
70 
61 
54 
46 
44 
39 
34 
29 
27 
26 
26 
26 
25 
25 
30 
31 
30 
30 
34 
48 
59 
63 
63 
63 
65 
70 
77 
75 
86 
99 
104 
103 
102 
91 
82 
77 
75 
83 
90 
61 
125 
116 
111 
108 
112 
108 
112 
118 
157 
177 
174 
163 
156 
141 
141 
142 
116 
111 
116 
102 
77 
49 
41 
47 
45 
41 
46 
59 
58 
45 
36 
30 
28 
28 
28 
27 
25 
24 
28 
32 
36 
35 
30 
36 
42 
52 
65 
64 
64 
66 
71 
71 
73 
76 
87 
99 
101 
94 
88 
91 
93 
93 
83 
55 
128 
116 
113 
122 
122 
120 
107 
99 
130 
145 
138 
134 
131 
121 
121 
125 
101 
84 
84 
76 
60 
46 
48 
46 
41 
52 
77 
88 
71 
60 
49 
46 
42 
36 
32 
29 
28 
28 
31 
33 
33 
28 
25 
29 
31 
42 
52 
55 
67 
70 
72 
71 
74 
65 
70 
92 
97 
96 
89 
92 
99 
109 
103 
59 
138 
111 
114 
123 
128 
120 
109 
110 
111 
97 
89 
93 
94 
99 
106 
98 
78 
64 
63 
56 
49 
70 
94 
96 
87 
98 
106 
93 
86 
87 
62 
70 
69 
43 
34 
30 
28 
30 
32 
32 
26 
24 
23 
25 
25 
31 
40 
55 
69 
72 
76 
73 
76 
75 
74 
78 
87 
86 
80 
87 
94 
97 
91 
63 
111 
123 
131 
128 
132 
123 
115 
101 
92 
78 
72 
77 
81 
78 
74 
69 
55 
44 
41 
47 
65 
92 
98 
89 
88 
102 
100 
80 
69 
63 
50 
59 
53 
39 
34 
27 
27 
27 
28 
27 
26 
24 
26 
25 
24 
28 
35 
42 
61 
63 
67 
75 
80 
79 
76 
75 
80 
76 
74 
78 
85 
84 
78 
55 
134 
137 
132 
132 
127 
122 
115 
102 
95 
90 
81 
79 
80 
59 
54 
56 
64 
65 
59 
69 
87 
92 
86 
83 
81 
82 
72 
64 
61 
55 
45 
44 
47 
46 
55 
32 
25 
32 
35 
32 
26 
24 
32 
26 
23 
24 
29 
31 
45 
68 
76 
76 
78 
75 
69 
73 
77 
69 
65 
69 
75 
82 
73 
45 
144 
137 
129 
131 
120 
120 
114 
98 
92 
100 
96 
75 
55 
48 
55 
66 
88 
99 
101 
98 
95 
94 
85 
100 
91 
70 
59 
54 
53 
53 
32 
36 
48 
43 
43 
23 
22 
33 
59 
97 
27 
21 
23 
21 
22 
25 
30 
28 
36 
56 
60 
66 
78 
87 
76 
73 
70 
60 
63 
70 
72 
80 
82 
51 
141 
135 
128 
126 
121 
118 
107 
98 
100 
104 
107 
106 
90 
93 
93 
91 
95 
104 
106 
99 
92 
86 
75 
69 
47 
40 
37 
30 
32 
31 
29 
28 
33 
25 
23 
20 
23 
27 
27 
27 
22 
21 
22 
21 
21 
23 
23 
26 
36 
55 
65 
65 
77 
98 
89 
78 
71 
60 
62 
72 
75 
77 
76 
52 
136 
123 
122 
125 
110 
108 
103 
101 
101 
98 
99 
94 
99 
100 
95 
92 
98 
102 
103 
94 
83 
73 
65 
56 
38 
31 
27 
25 
25 
28 
29 
22 
23 
22 
22 
22 
21 
21 
21 
21 
21 
21 
20 
21 
21 
22 
23 
32 
44 
60 
63 
69 
68 
84 
86 
75 
67 
58 
55 
63 
67 
67 
60 
41 
125 
117 
119 
107 
105 
132 
114 
105 
102 
94 
94 
95 
99 
97 
96 
101 
91 
94 
101 
89 
84 
68 
65 
54 
43 
36 
31 
27 
24 
22 
21 
19 
18 
21 
21 
21 
21 
20 
20 
20 
20 
20 
19 
20 
20 
22 
24 
25 
44 
60 
46 
61 
61 
65 
76 
65 
58 
47 
42 
52 
55 
55 
52 
33 
112 
119 
115 
106 
133 
137 
108 
107 
111 
108 
110 
108 
118 
118 
108 
116 
103 
101 
93 
99 
96 
77 
66 
56 
51 
43 
34 
31 
26 
23 
25 
23 
19 
20 
20 
20 
20 
21 
21 
21 
21 
20 
20 
20 
21 
22 
23 
30 
74 
101 
53 
60 
65 
61 
59 
57 
48 
40 
35 
35 
37 
45 
44 
31 
112 
120 
105 
115 
126 
116 
109 
113 
115 
119 
120 
120 
131 
121 
119 
134 
126 
118 
113 
107 
99 
78 
62 
51 
44 
34 
24 
25 
23 
21 
21 
20 
19 
19 
19 
20 
20 
19 
19 
19 
19 
21 
20 
21 
22 
21 
23 
28 
53 
75 
61 
72 
69 
61 
59 
55 
45 
31 
28 
29 
31 
28 
25 
23 
104 
106 
98 
107 
114 
122 
123 
121 
119 
119 
118 
118 
121 
117 
125 
136 
133 
129 
128 
115 
97 
87 
67 
55 
48 
34 
25 
22 
20 
20 
20 
19 
19 
19 
19 
20 
20 
19 
19 
19 
19 
19 
20 
20 
21 
22 
22 
26 
43 
57 
53 
71 
80 
59 
58 
52 
39 
29 
29 
31 
24 
26 
24 
17 
99 
97 
96 
98 
112 
126 
129 
128 
122 
117 
114 
112 
112 
110 
120 
124 
119 
121 
121 
109 
102 
95 
76 
64 
48 
31 
25 
22 
20 
19 
19 
18 
18 
19 
20 
20 
19 
18 
18 
19 
19 
20 
20 
21 
21 
20 
23 
25 
42 
55 
56 
53 
63 
52 
40 
35 
27 
26 
24 
24 
25 
25 
24 
16 
76 
71 
72 
81 
85 
86 
94 
97 
92 
88 
83 
81 
78 
77 
86 
86 
81 
85 
78 
75 
81 
59 
53 
44 
29 
22 
19 
16 
16 
14 
14 
13 
13 
15 
15 
14 
14 
13 
14 
14 
15 
15 
15 
16 
16 
16 
17 
17 
29 
39 
48 
42 
31 
36 
31 
26 
20 
19 
17 
17 
19 
18 
17 
12 
