5 
5 
5 
5 
5 
5 
5 
5 
5 
6 
6 
7 
7 
7 
7 
7 
7 
7 
7 
7 
8 
7 
7 
7 
6 
6 
6 
5 
5 
5 
5 
5 
5 
6 
6 
6 
7 
7 
7 
7 
8 
8 
8 
8 
9 
9 
9 
9 
9 
9 
9 
9 
9 
9 
9 
9 
9 
9 
9 
8 
8 
8 
8 
6 
6 
6 
6 
6 
6 
6 
6 
6 
6 
7 
7 
7 
8 
8 
8 
8 
8 
8 
8 
8 
8 
8 
8 
7 
7 
7 
6 
6 
6 
6 
6 
6 
6 
7 
7 
7 
7 
7 
7 
8 
8 
8 
8 
8 
9 
9 
9 
9 
9 
9 
9 
9 
9 
9 
9 
9 
9 
9 
9 
9 
9 
9 
9 
6 
7 
7 
7 
7 
7 
7 
7 
7 
7 
8 
8 
8 
9 
9 
9 
9 
9 
9 
9 
9 
9 
9 
9 
8 
8 
8 
7 
7 
7 
7 
7 
7 
7 
8 
8 
8 
8 
8 
8 
8 
9 
9 
9 
9 
9 
9 
9 
10 
10 
10 
10 
10 
10 
10 
10 
10 
10 
10 
10 
10 
10 
10 
10 
7 
8 
8 
8 
8 
8 
8 
8 
8 
8 
8 
9 
9 
10 
10 
10 
10 
10 
10 
10 
10 
10 
10 
10 
9 
9 
9 
8 
8 
8 
8 
8 
8 
8 
8 
9 
9 
9 
9 
9 
9 
9 
9 
9 
9 
10 
10 
10 
10 
11 
11 
11 
11 
11 
11 
11 
11 
11 
11 
11 
11 
11 
11 
11 
8 
9 
9 
9 
9 
9 
9 
9 
9 
9 
10 
10 
10 
10 
11 
11 
11 
12 
12 
12 
11 
11 
11 
11 
10 
10 
10 
9 
9 
9 
9 
9 
9 
10 
10 
10 
10 
10 
10 
10 
10 
10 
10 
10 
10 
10 
10 
11 
11 
11 
11 
11 
12 
12 
12 
12 
12 
12 
12 
12 
12 
12 
12 
12 
9 
11 
11 
11 
11 
11 
11 
11 
11 
11 
11 
11 
12 
12 
12 
13 
13 
13 
13 
13 
13 
13 
12 
12 
12 
11 
11 
11 
10 
10 
10 
10 
10 
10 
10 
10 
10 
10 
10 
10 
10 
10 
10 
10 
10 
10 
10 
11 
11 
11 
11 
11 
12 
13 
13 
13 
13 
13 
13 
13 
13 
14 
14 
14 
10 
12 
12 
12 
12 
12 
12 
12 
12 
12 
12 
13 
13 
13 
14 
14 
14 
14 
14 
14 
14 
14 
14 
13 
13 
13 
12 
12 
12 
11 
11 
11 
11 
11 
11 
11 
11 
11 
11 
11 
11 
11 
11 
11 
11 
12 
12 
12 
12 
12 
13 
13 
13 
13 
13 
13 
13 
14 
14 
14 
14 
15 
15 
15 
11 
13 
13 
13 
13 
13 
13 
13 
13 
13 
14 
14 
14 
14 
14 
15 
15 
16 
16 
16 
15 
15 
15 
14 
14 
14 
14 
13 
13 
12 
12 
12 
12 
13 
12 
12 
12 
13 
12 
12 
12 
12 
12 
12 
12 
13 
13 
13 
14 
14 
14 
14 
14 
14 
14 
14 
14 
15 
15 
15 
15 
16 
16 
16 
12 
14 
14 
14 
14 
14 
14 
14 
14 
14 
15 
15 
15 
16 
16 
16 
17 
17 
17 
17 
16 
16 
16 
16 
16 
15 
15 
15 
15 
15 
15 
15 
15 
15 
14 
14 
14 
14 
14 
13 
13 
13 
13 
14 
14 
14 
14 
15 
16 
16 
16 
16 
16 
15 
15 
15 
15 
16 
16 
16 
16 
16 
16 
17 
13 
16 
16 
16 
16 
16 
16 
16 
16 
16 
16 
16 
17 
17 
17 
18 
18 
18 
18 
18 
18 
18 
18 
18 
17 
17 
17 
17 
17 
17 
17 
17 
17 
16 
16 
16 
15 
16 
15 
15 
14 
14 
15 
15 
15 
16 
17 
18 
18 
19 
19 
18 
17 
17 
16 
15 
15 
16 
16 
16 
16 
17 
17 
18 
14 
17 
17 
17 
17 
17 
17 
17 
17 
17 
17 
18 
18 
18 
18 
19 
19 
19 
19 
19 
19 
19 
19 
19 
19 
19 
19 
19 
19 
18 
18 
18 
18 
18 
18 
17 
17 
18 
17 
17 
17 
17 
17 
17 
18 
19 
20 
21 
21 
22 
21 
21 
20 
19 
19 
17 
17 
17 
17 
17 
17 
18 
19 
20 
16 
18 
18 
18 
18 
18 
18 
18 
18 
18 
18 
19 
19 
19 
20 
20 
20 
21 
21 
21 
20 
20 
21 
21 
21 
21 
21 
21 
21 
21 
21 
21 
20 
20 
20 
20 
19 
19 
19 
19 
19 
20 
21 
21 
21 
23 
24 
25 
26 
26 
26 
24 
24 
23 
21 
20 
19 
19 
19 
19 
19 
19 
20 
22 
17 
19 
19 
19 
20 
20 
20 
20 
19 
19 
19 
20 
21 
21 
21 
22 
22 
23 
23 
23 
22 
22 
23 
23 
23 
24 
24 
23 
23 
23 
23 
23 
23 
23 
23 
23 
23 
23 
23 
23 
23 
23 
24 
26 
27 
26 
29 
36 
71 
93 
49 
26 
27 
27 
26 
24 
23 
22 
22 
22 
22 
23 
24 
26 
20 
21 
21 
21 
22 
22 
22 
22 
21 
21 
22 
23 
23 
24 
24 
24 
25 
25 
25 
25 
25 
25 
26 
26 
26 
27 
27 
27 
27 
27 
27 
27 
27 
27 
27 
27 
27 
26 
27 
28 
28 
29 
31 
32 
33 
38 
53 
90 
147 
151 
113 
33 
44 
34 
33 
31 
29 
28 
28 
28 
28 
29 
31 
32 
24 
23 
23 
23 
24 
24 
24 
24 
24 
24 
24 
25 
26 
26 
26 
27 
27 
28 
28 
28 
28 
29 
29 
30 
30 
30 
31 
31 
32 
33 
33 
33 
33 
33 
33 
33 
32 
32 
33 
34 
35 
36 
38 
40 
40 
70 
112 
86 
144 
157 
143 
105 
87 
47 
41 
40 
38 
37 
36 
36 
37 
38 
40 
41 
31 
24 
24 
25 
25 
25 
25 
25 
25 
25 
26 
27 
28 
28 
29 
30 
30 
32 
32 
32 
32 
33 
34 
34 
35 
35 
35 
36 
37 
37 
38 
39 
38 
39 
38 
38 
38 
39 
41 
42 
43 
48 
62 
79 
88 
119 
140 
99 
104 
148 
145 
133 
116 
58 
49 
48 
48 
47 
47 
48 
48 
49 
51 
53 
40 
25 
26 
26 
27 
27 
27 
27 
27 
28 
29 
30 
30 
30 
31 
32 
33 
35 
35 
36 
36 
37 
38 
39 
39 
39 
40 
41 
42 
43 
44 
45 
46 
45 
45 
45 
45 
48 
48 
52 
70 
115 
156 
170 
175 
177 
170 
159 
131 
121 
115 
118 
112 
61 
57 
56 
57 
57 
57 
59 
61 
62 
65 
66 
50 
26 
27 
28 
28 
29 
29 
30 
30 
31 
32 
33 
34 
35 
36 
37 
38 
39 
40 
41 
42 
43 
43 
44 
45 
46 
47 
49 
50 
51 
53 
55 
53 
54 
54 
55 
55 
57 
62 
90 
148 
177 
187 
184 
184 
181 
178 
178 
174 
161 
134 
83 
54 
49 
67 
65 
64 
66 
67 
70 
73 
75 
78 
80 
61 
29 
29 
30 
31 
32 
33 
34 
35 
35 
36 
37 
38 
40 
41 
42 
43 
44 
45 
47 
48 
49 
50 
51 
52 
53 
55 
57 
58 
60 
64 
71 
76 
64 
64 
61 
66 
69 
90 
155 
187 
189 
178 
181 
182 
180 
177 
170 
170 
169 
169 
162 
127 
88 
76 
74 
74 
73 
75 
78 
81 
85 
89 
94 
72 
32 
33 
33 
34 
35 
37 
38 
39 
40 
41 
43 
43 
45 
46 
47 
48 
50 
51 
53 
54 
56 
56 
57 
58 
58 
61 
63 
65 
74 
109 
140 
131 
81 
66 
77 
74 
95 
143 
184 
193 
182 
193 
195 
188 
184 
181 
177 
174 
171 
162 
163 
159 
148 
101 
80 
78 
79 
81 
83 
87 
91 
97 
102 
78 
33 
34 
35 
36 
37 
39 
40 
42 
43 
45 
47 
48 
50 
50 
52 
53 
54 
55 
56 
58 
59 
61 
62 
61 
61 
63 
66 
71 
89 
115 
153 
146 
124 
70 
114 
110 
119 
173 
185 
190 
202 
198 
182 
174 
169 
166 
166 
167 
169 
171 
166 
158 
147 
118 
80 
82 
80 
82 
86 
89 
95 
100 
104 
80 
34 
35 
36 
37 
39 
41 
44 
46 
47 
49 
51 
53 
55 
57 
58 
58 
58 
59 
61 
61 
62 
64 
65 
64 
65 
67 
69 
77 
35 
26 
125 
156 
135 
90 
136 
133 
149 
179 
177 
192 
189 
173 
165 
161 
158 
154 
155 
158 
161 
162 
164 
164 
157 
140 
86 
78 
79 
81 
86 
90 
95 
102 
106 
81 
35 
37 
39 
40 
42 
44 
46 
48 
50 
53 
55 
57 
59 
61 
62 
61 
62 
63 
64 
65 
66 
67 
68 
68 
69 
70 
72 
84 
70 
32 
108 
151 
132 
88 
156 
144 
168 
175 
181 
182 
170 
163 
161 
160 
158 
156 
156 
156 
156 
155 
152 
149 
142 
122 
67 
77 
81 
82 
86 
90 
96 
103 
105 
80 
37 
39 
41 
43 
45 
46 
47 
49 
52 
54 
57 
59 
62 
64 
64 
63 
63 
65 
66 
67 
68 
69 
70 
70 
71 
72 
74 
79 
113 
115 
131 
132 
107 
113 
168 
152 
176 
172 
180 
168 
163 
161 
162 
164 
163 
164 
164 
164 
162 
156 
149 
144 
128 
86 
52 
84 
83 
85 
88 
92 
98 
103 
104 
78 
38 
39 
40 
43 
45 
46 
47 
49 
52 
53 
55 
59 
62 
64 
64 
63 
64 
65 
66 
66 
67 
69 
69 
68 
70 
72 
75 
75 
80 
112 
122 
113 
84 
148 
150 
166 
173 
175 
172 
161 
161 
162 
165 
170 
172 
173 
170 
169 
166 
160 
150 
136 
103 
52 
67 
91 
90 
92 
95 
99 
103 
105 
105 
77 
39 
40 
40 
41 
43 
46 
47 
49 
50 
51 
53 
57 
60 
62 
62 
62 
62 
63 
63 
64 
65 
67 
68 
69 
71 
73 
74 
76 
61 
53 
72 
61 
114 
161 
148 
171 
168 
175 
162 
160 
163 
166 
171 
176 
177 
177 
173 
170 
166 
158 
143 
121 
73 
49 
95 
99 
99 
100 
104 
108 
110 
110 
107 
78 
40 
41 
41 
41 
43 
45 
47 
49 
50 
51 
52 
57 
59 
60 
62 
63 
63 
63 
63 
63 
63 
64 
67 
69 
72 
74 
76 
77 
80 
55 
51 
108 
156 
147 
161 
163 
170 
168 
162 
162 
164 
168 
172 
176 
176 
176 
174 
170 
165 
152 
136 
99 
53 
90 
109 
108 
109 
110 
113 
116 
117 
116 
113 
83 
40 
41 
41 
40 
43 
44 
45 
48 
50 
51 
52 
55 
57 
58 
60 
61 
61 
60 
60 
60 
61 
62 
65 
69 
72 
75 
78 
80 
81 
83 
73 
76 
100 
130 
159 
154 
169 
158 
155 
156 
161 
166 
171 
176 
176 
175 
173 
168 
160 
147 
121 
66 
73 
115 
115 
116 
118 
118 
120 
122 
123 
123 
120 
89 
38 
39 
39 
39 
41 
43 
44 
47 
50 
51 
52 
53 
54 
56 
58 
58 
57 
57 
57 
58 
59 
60 
63 
67 
72 
76 
79 
82 
82 
83 
85 
86 
78 
125 
140 
155 
157 
145 
145 
149 
158 
164 
170 
176 
175 
174 
169 
163 
152 
138 
95 
53 
106 
120 
120 
121 
123 
123 
125 
126 
127 
125 
124 
92 
38 
39 
39 
39 
40 
42 
44 
48 
50 
52 
53 
53 
54 
54 
56 
58 
56 
56 
56 
57 
57 
60 
63 
67 
72 
76 
79 
82 
83 
84 
87 
89 
96 
123 
130 
144 
135 
131 
137 
144 
157 
165 
170 
174 
173 
168 
162 
155 
149 
124 
62 
69 
118 
124 
124 
127 
128 
127 
128 
128 
128 
127 
125 
92 
41 
41 
42 
41 
43 
44 
46 
49 
52 
54 
55 
55 
56 
57 
58 
59 
59 
57 
56 
56 
58 
61 
63 
66 
70 
74 
77 
81 
84 
85 
88 
92 
96 
104 
111 
104 
100 
115 
130 
143 
157 
166 
171 
172 
169 
164 
158 
150 
135 
86 
28 
70 
118 
121 
125 
125 
126 
125 
126 
128 
129 
129 
125 
90 
44 
45 
45 
45 
46 
47 
49 
52 
54 
56 
57 
57 
58 
60 
61 
62 
62 
62 
61 
62 
63 
65 
67 
67 
70 
74 
77 
80 
82 
85 
88 
92 
97 
96 
62 
62 
78 
103 
119 
132 
150 
160 
165 
164 
160 
153 
145 
133 
99 
49 
63 
78 
96 
114 
117 
121 
121 
121 
123 
125 
126 
125 
118 
84 
48 
49 
50 
50 
50 
51 
53 
55 
58 
59 
60 
61 
62 
64 
67 
68 
68 
69 
70 
70 
71 
72 
72 
71 
71 
76 
80 
83 
83 
85 
88 
93 
96 
99 
91 
60 
71 
95 
106 
102 
113 
140 
150 
150 
143 
136 
119 
89 
76 
111 
114 
78 
71 
101 
108 
111 
115 
117 
119 
122 
122 
120 
113 
80 
54 
55 
55 
55 
55 
58 
62 
65 
65 
64 
66 
67 
67 
69 
74 
77 
76 
76 
78 
79 
80 
80 
79 
77 
78 
80 
84 
88 
92 
93 
93 
94 
94 
99 
98 
98 
62 
64 
89 
109 
95 
90 
110 
121 
119 
108 
98 
113 
155 
152 
111 
69 
96 
85 
90 
101 
106 
111 
114 
116 
117 
116 
114 
84 
60 
60 
60 
59 
61 
67 
74 
77 
75 
74 
73 
72 
71 
74 
78 
82 
84 
85 
85 
84 
84 
86 
87 
88 
91 
91 
95 
99 
103 
103 
100 
100 
99 
102 
103 
98 
76 
98 
89 
89 
125 
145 
139 
135 
140 
151 
163 
174 
169 
160 
99 
89 
140 
92 
72 
91 
99 
106 
109 
112 
114 
117 
120 
90 
64 
66 
65 
64 
67 
73 
79 
82 
83 
82 
79 
75 
74 
77 
82 
85 
89 
90 
87 
86 
87 
91 
96 
98 
96 
99 
104 
109 
111 
112 
110 
108 
103 
101 
105 
92 
90 
141 
159 
136 
120 
163 
180 
197 
191 
184 
180 
179 
174 
160 
105 
109 
144 
113 
68 
66 
93 
99 
102 
108 
112 
119 
123 
92 
64 
71 
72 
70 
70 
76 
83 
86 
86 
87 
87 
83 
80 
81 
87 
91 
91 
88 
86 
86 
87 
92 
99 
99 
99 
103 
108 
112 
112 
113 
113 
110 
104 
101 
101 
106 
130 
111 
151 
168 
147 
166 
183 
209 
210 
195 
183 
180 
173 
157 
116 
103 
145 
128 
87 
54 
74 
97 
100 
104 
109 
116 
120 
90 
66 
74 
77 
75 
73 
76 
82 
86 
88 
90 
91 
88 
84 
87 
92 
96 
92 
90 
91 
90 
91 
93 
97 
99 
102 
106 
110 
111 
109 
108 
109 
109 
106 
98 
114 
157 
179 
132 
111 
155 
158 
167 
184 
195 
205 
198 
185 
181 
171 
153 
114 
83 
146 
137 
111 
70 
51 
82 
98 
102 
105 
109 
108 
80 
67 
75 
79 
77 
74 
77 
81 
85 
86 
88 
90 
86 
84 
88 
93 
95 
94 
93 
95 
96 
96 
96 
97 
100 
103 
109 
111 
108 
103 
99 
103 
108 
100 
111 
150 
180 
184 
156 
98 
123 
154 
175 
183 
187 
195 
195 
186 
179 
174 
153 
112 
72 
125 
140 
128 
91 
60 
50 
93 
102 
101 
101 
95 
69 
63 
70 
75 
75 
76 
81 
87 
92 
94 
92 
87 
79 
74 
75 
84 
94 
96 
97 
98 
100 
99 
99 
99 
102 
106 
112 
110 
104 
101 
94 
98 
94 
98 
135 
174 
171 
159 
150 
102 
106 
141 
173 
180 
185 
192 
190 
187 
180 
176 
157 
122 
75 
96 
137 
133 
112 
84 
51 
59 
95 
98 
95 
91 
70 
53 
59 
70 
76 
78 
79 
87 
96 
101 
99 
90 
78 
69 
65 
71 
83 
92 
96 
96 
96 
94 
95 
96 
98 
104 
109 
109 
104 
101 
98 
85 
83 
118 
165 
167 
148 
140 
128 
87 
102 
136 
169 
178 
188 
191 
190 
187 
179 
179 
169 
138 
88 
72 
115 
131 
129 
99 
72 
54 
74 
92 
100 
99 
79 
43 
46 
58 
68 
75 
78 
86 
96 
104 
101 
94 
86 
77 
71 
72 
78 
91 
96 
92 
90 
83 
81 
85 
88 
96 
105 
104 
104 
103 
86 
69 
94 
138 
157 
128 
133 
115 
99 
78 
113 
147 
171 
176 
186 
191 
190 
189 
181 
177 
172 
152 
111 
74 
81 
124 
130 
122 
103 
82 
79 
79 
101 
111 
83 
50 
50 
59 
68 
74 
80 
87 
90 
94 
97 
98 
92 
84 
80 
80 
82 
88 
94 
98 
92 
84 
79 
82 
84 
90 
99 
106 
101 
87 
75 
85 
111 
122 
107 
104 
89 
61 
62 
76 
119 
155 
175 
177 
183 
189 
190 
191 
184 
179 
172 
162 
130 
86 
60 
92 
120 
130 
143 
139 
110 
97 
95 
101 
73 
68 
73 
80 
81 
86 
94 
103 
100 
98 
97 
95 
84 
77 
83 
87 
85 
88 
94 
100 
99 
98 
98 
95 
89 
88 
97 
98 
84 
83 
97 
114 
109 
89 
84 
62 
42 
44 
46 
82 
124 
159 
176 
179 
185 
189 
192 
194 
188 
182 
178 
170 
150 
110 
69 
63 
101 
113 
127 
129 
126 
126 
119 
112 
71 
81 
88 
98 
97 
99 
105 
113 
111 
107 
101 
88 
81 
83 
89 
96 
90 
89 
91 
99 
101 
103 
109 
101 
91 
85 
88 
91 
86 
90 
99 
80 
70 
70 
50 
57 
92 
61 
49 
87 
131 
164 
176 
179 
189 
194 
195 
194 
195 
185 
178 
169 
153 
128 
85 
55 
77 
87 
97 
120 
126 
124 
127 
131 
97 
87 
96 
109 
105 
97 
99 
109 
109 
107 
98 
92 
95 
99 
100 
93 
97 
100 
98 
104 
108 
112 
113 
101 
84 
83 
86 
90 
79 
61 
56 
59 
53 
50 
78 
100 
107 
46 
63 
102 
138 
163 
173 
178 
189 
197 
202 
199 
191 
184 
177 
170 
157 
139 
102 
61 
56 
96 
89 
88 
108 
124 
123 
127 
97 
88 
100 
110 
98 
79 
75 
87 
96 
99 
94 
95 
106 
107 
94 
89 
94 
100 
98 
105 
109 
114 
103 
85 
79 
79 
69 
61 
51 
52 
52 
48 
68 
97 
99 
105 
96 
43 
78 
116 
138 
155 
166 
174 
186 
199 
206 
202 
186 
182 
176 
165 
157 
144 
114 
73 
41 
95 
114 
106 
90 
92 
113 
117 
90 
79 
82 
91 
80 
66 
66 
78 
93 
99 
95 
97 
104 
108 
98 
84 
93 
97 
97 
85 
79 
86 
77 
70 
68 
62 
52 
44 
45 
43 
51 
70 
85 
99 
103 
114 
93 
48 
89 
116 
124 
136 
145 
159 
174 
201 
218 
204 
185 
177 
171 
163 
153 
138 
111 
76 
33 
70 
112 
106 
92 
87 
87 
98 
80 
76 
71 
80 
81 
83 
77 
77 
92 
103 
104 
105 
113 
120 
100 
71 
82 
83 
61 
46 
82 
91 
71 
58 
50 
49 
44 
33 
36 
62 
82 
85 
93 
104 
109 
109 
98 
90 
107 
127 
132 
125 
136 
149 
158 
166 
175 
170 
170 
169 
163 
157 
147 
135 
112 
75 
38 
59 
102 
94 
80 
91 
90 
68 
48 
66 
76 
78 
84 
99 
94 
84 
91 
106 
102 
94 
121 
127 
100 
55 
38 
35 
27 
41 
76 
84 
68 
49 
43 
30 
32 
42 
61 
84 
92 
100 
102 
107 
107 
97 
125 
143 
129 
124 
147 
147 
151 
164 
167 
150 
130 
128 
137 
139 
147 
145 
145 
143 
130 
105 
48 
55 
80 
92 
99 
83 
46 
31 
16 
76 
87 
81 
80 
92 
108 
111 
95 
93 
80 
75 
96 
96 
85 
63 
33 
27 
37 
51 
71 
58 
41 
36 
31 
26 
47 
53 
58 
70 
81 
86 
82 
89 
77 
89 
130 
135 
122 
124 
106 
96 
123 
140 
155 
169 
161 
121 
96 
99 
111 
127 
117 
143 
133 
111 
61 
28 
68 
138 
141 
123 
78 
44 
29 
68 
70 
65 
61 
75 
94 
101 
79 
74 
74 
72 
65 
78 
92 
49 
38 
81 
92 
70 
43 
18 
21 
29 
42 
34 
34 
38 
44 
55 
77 
102 
104 
87 
62 
71 
109 
78 
56 
51 
32 
29 
41 
79 
93 
95 
113 
122 
103 
84 
82 
76 
62 
53 
49 
46 
33 
29 
52 
140 
147 
124 
93 
72 
70 
64 
62 
60 
66 
77 
85 
88 
79 
77 
73 
71 
67 
73 
69 
63 
70 
120 
115 
82 
19 
16 
50 
30 
29 
37 
46 
56 
62 
72 
117 
145 
144 
127 
113 
102 
98 
55 
52 
48 
36 
36 
34 
43 
59 
40 
41 
58 
75 
73 
46 
26 
22 
24 
29 
39 
38 
26 
24 
61 
118 
109 
74 
54 
86 
69 
65 
63 
73 
81 
74 
72 
64 
78 
83 
73 
74 
70 
67 
47 
74 
122 
118 
73 
10 
25 
38 
21 
26 
47 
59 
78 
90 
91 
124 
141 
156 
127 
118 
117 
71 
42 
34 
30 
36 
68 
79 
50 
24 
22 
22 
25 
28 
43 
36 
20 
20 
22 
32 
31 
27 
30 
33 
38 
76 
80 
38 
55 
80 
59 
69 
63 
62 
69 
73 
67 
66 
80 
80 
62 
63 
71 
78 
57 
50 
88 
88 
53 
36 
21 
27 
20 
18 
32 
52 
73 
79 
90 
116 
128 
138 
120 
117 
119 
55 
27 
24 
23 
23 
25 
28 
19 
18 
17 
26 
34 
22 
34 
31 
24 
23 
36 
58 
29 
29 
36 
39 
43 
39 
26 
36 
76 
49 
64 
68 
74 
60 
65 
77 
80 
75 
72 
72 
67 
60 
68 
74 
72 
82 
71 
55 
57 
69 
30 
27 
27 
27 
35 
49 
76 
86 
85 
84 
106 
102 
93 
83 
95 
87 
57 
55 
32 
45 
43 
37 
31 
44 
22 
32 
26 
19 
16 
27 
28 
25 
22 
33 
14 
16 
27 
58 
67 
39 
58 
59 
47 
31 
56 
71 
72 
87 
86 
70 
78 
71 
80 
81 
75 
58 
60 
81 
77 
82 
83 
89 
74 
76 
56 
30 
26 
29 
37 
47 
62 
75 
81 
58 
46 
40 
34 
54 
121 
136 
112 
59 
37 
56 
41 
24 
22 
17 
17 
18 
17 
14 
20 
23 
14 
14 
12 
13 
20 
52 
91 
139 
114 
79 
78 
48 
34 
24 
47 
65 
62 
64 
78 
62 
66 
61 
74 
74 
65 
65 
69 
65 
70 
77 
55 
51 
31 
29 
25 
17 
15 
26 
34 
43 
49 
63 
69 
66 
47 
37 
46 
84 
126 
147 
115 
53 
20 
20 
14 
16 
13 
12 
14 
15 
14 
12 
10 
10 
12 
10 
47 
63 
27 
45 
117 
138 
112 
59 
40 
47 
28 
19 
51 
53 
58 
60 
62 
60 
67 
59 
62 
70 
84 
80 
74 
73 
67 
61 
59 
43 
27 
19 
11 
12 
13 
20 
21 
32 
36 
42 
47 
46 
47 
47 
46 
83 
118 
129 
103 
40 
17 
14 
16 
11 
13 
12 
12 
13 
12 
11 
11 
10 
13 
14 
24 
20 
20 
26 
93 
115 
86 
32 
12 
21 
12 
8 
46 
52 
59 
64 
70 
55 
64 
74 
57 
67 
83 
76 
83 
76 
72 
68 
73 
60 
69 
59 
55 
55 
62 
65 
46 
33 
31 
39 
42 
45 
30 
31 
37 
63 
97 
103 
76 
30 
21 
16 
13 
14 
12 
9 
10 
9 
9 
8 
12 
9 
16 
13 
16 
20 
22 
35 
64 
71 
44 
19 
17 
26 
29 
24 
57 
54 
48 
48 
64 
71 
76 
87 
76 
86 
80 
72 
78 
81 
79 
77 
71 
72 
88 
93 
90 
103 
97 
91 
93 
86 
61 
75 
78 
84 
67 
69 
86 
76 
51 
55 
54 
52 
52 
48 
52 
39 
43 
40 
58 
54 
50 
41 
49 
54 
53 
45 
51 
49 
52 
65 
74 
62 
75 
82 
64 
63 
68 
51 
52 
55 
60 
59 
63 
64 
75 
78 
71 
77 
82 
76 
86 
79 
77 
78 
93 
104 
94 
86 
81 
81 
82 
65 
72 
84 
90 
71 
78 
93 
73 
77 
80 
77 
73 
83 
84 
93 
85 
85 
83 
74 
66 
59 
66 
71 
61 
73 
78 
89 
73 
72 
80 
84 
73 
57 
51 
76 
94 
93 
78 
99 
90 
67 
39 
46 
52 
48 
41 
50 
65 
68 
77 
75 
83 
89 
93 
90 
85 
89 
96 
92 
82 
70 
79 
70 
58 
52 
46 
56 
76 
57 
67 
75 
90 
88 
73 
74 
65 
57 
63 
59 
73 
74 
69 
81 
76 
77 
80 
79 
88 
88 
71 
78 
81 
78 
86 
82 
71 
67 
75 
76 
91 
100 
79 
72 
54 
49 
37 
38 
43 
39 
35 
47 
56 
57 
64 
53 
54 
60 
58 
59 
62 
54 
61 
66 
61 
61 
63 
52 
47 
54 
53 
54 
52 
46 
41 
49 
57 
50 
43 
36 
34 
41 
43 
45 
55 
47 
40 
50 
58 
63 
64 
60 
73 
63 
52 
52 
58 
56 
66 
64 
45 
34 
55 
60 
73 
86 
62 
56 
55 
45 
