49 
47 
44 
101 
153 
93 
32 
27 
66 
146 
58 
95 
137 
109 
183 
188 
127 
155 
166 
146 
148 
120 
133 
165 
177 
153 
152 
180 
111 
124 
153 
171 
178 
186 
179 
174 
157 
157 
148 
144 
144 
136 
137 
158 
155 
128 
139 
160 
173 
142 
63 
49 
44 
51 
54 
120 
169 
157 
82 
63 
163 
124 
83 
38 
44 
154 
191 
168 
164 
152 
173 
189 
170 
165 
145 
163 
167 
184 
178 
107 
148 
146 
157 
192 
182 
181 
171 
144 
146 
163 
151 
143 
163 
146 
130 
141 
144 
127 
136 
152 
157 
124 
78 
50 
47 
44 
35 
58 
90 
136 
180 
196 
153 
135 
130 
148 
170 
199 
190 
188 
170 
185 
186 
174 
173 
142 
128 
124 
179 
181 
155 
163 
160 
151 
182 
202 
192 
143 
144 
164 
154 
157 
166 
168 
165 
144 
121 
117 
118 
122 
101 
125 
129 
107 
69 
47 
45 
41 
38 
69 
127 
102 
69 
63 
76 
72 
113 
178 
203 
196 
172 
172 
185 
191 
189 
190 
158 
160 
151 
169 
157 
138 
132 
149 
141 
123 
164 
189 
142 
150 
151 
177 
180 
173 
153 
141 
123 
109 
116 
90 
132 
163 
133 
104 
87 
107 
50 
44 
52 
115 
116 
40 
26 
27 
20 
14 
26 
86 
119 
209 
189 
144 
131 
152 
126 
147 
171 
190 
169 
193 
140 
108 
101 
101 
117 
129 
103 
147 
187 
156 
159 
140 
159 
177 
163 
122 
125 
137 
127 
112 
120 
151 
181 
155 
110 
52 
86 
107 
132 
143 
127 
49 
32 
27 
28 
23 
22 
77 
42 
86 
207 
188 
137 
106 
135 
51 
103 
176 
168 
179 
178 
100 
132 
153 
153 
147 
131 
124 
130 
191 
149 
172 
161 
161 
188 
160 
112 
128 
143 
158 
153 
171 
171 
129 
179 
129 
45 
60 
109 
146 
96 
35 
34 
34 
27 
24 
18 
36 
74 
14 
41 
175 
188 
142 
101 
117 
80 
127 
155 
180 
211 
142 
110 
101 
76 
81 
94 
128 
120 
103 
155 
183 
156 
136 
133 
176 
147 
136 
119 
152 
149 
161 
162 
142 
125 
197 
127 
61 
62 
141 
113 
43 
44 
35 
34 
30 
28 
20 
68 
34 
19 
52 
172 
191 
185 
168 
162 
164 
185 
186 
190 
183 
127 
97 
84 
72 
70 
76 
96 
130 
118 
123 
143 
146 
150 
157 
159 
142 
138 
131 
155 
164 
143 
155 
152 
178 
187 
131 
54 
64 
105 
43 
43 
39 
36 
32 
26 
19 
28 
42 
32 
71 
134 
180 
197 
169 
131 
108 
82 
113 
110 
187 
163 
140 
140 
153 
152 
164 
163 
153 
161 
139 
109 
147 
130 
144 
164 
144 
146 
138 
153 
149 
163 
127 
183 
175 
180 
172 
129 
47 
50 
36 
35 
29 
25 
20 
18 
19 
75 
140 
151 
149 
159 
152 
185 
196 
196 
154 
145 
143 
93 
112 
200 
175 
160 
133 
93 
103 
108 
108 
108 
96 
100 
88 
159 
177 
178 
139 
156 
139 
143 
152 
156 
149 
125 
171 
181 
144 
127 
94 
38 
41 
30 
33 
36 
36 
36 
37 
42 
85 
145 
149 
128 
138 
168 
216 
214 
194 
141 
146 
147 
198 
210 
203 
169 
139 
76 
64 
44 
27 
16 
13 
15 
35 
67 
131 
170 
161 
151 
161 
130 
149 
190 
172 
129 
172 
168 
135 
107 
138 
84 
76 
80 
81 
82 
85 
93 
103 
113 
126 
150 
164 
178 
197 
209 
226 
234 
230 
204 
131 
120 
161 
198 
192 
178 
165 
123 
101 
147 
158 
156 
108 
68 
73 
56 
43 
79 
77 
121 
172 
144 
120 
148 
186 
176 
134 
109 
131 
118 
79 
106 
106 
135 
154 
170 
187 
188 
186 
177 
168 
171 
174 
172 
183 
205 
228 
227 
219 
193 
140 
115 
124 
161 
179 
146 
140 
166 
126 
128 
111 
155 
177 
140 
81 
93 
87 
50 
61 
50 
65 
142 
150 
160 
164 
159 
158 
107 
90 
109 
113 
78 
81 
106 
215 
217 
219 
221 
219 
220 
212 
203 
203 
207 
211 
216 
224 
223 
219 
189 
139 
106 
105 
116 
140 
127 
125 
138 
146 
120 
142 
136 
148 
157 
129 
78 
115 
92 
60 
51 
45 
74 
141 
143 
180 
188 
166 
120 
146 
137 
102 
117 
108 
166 
147 
211 
211 
215 
214 
216 
211 
207 
204 
197 
196 
199 
199 
219 
217 
195 
144 
102 
90 
99 
107 
116 
120 
131 
140 
159 
111 
124 
158 
154 
121 
149 
105 
94 
81 
49 
32 
38 
66 
135 
143 
153 
171 
123 
107 
121 
118 
122 
152 
168 
188 
137 
208 
212 
222 
220 
220 
222 
220 
209 
201 
211 
223 
225 
219 
181 
157 
133 
94 
75 
93 
101 
101 
105 
98 
90 
185 
140 
116 
151 
157 
181 
165 
91 
65 
65 
29 
31 
34 
46 
110 
138 
134 
143 
158 
125 
117 
122 
165 
193 
182 
183 
148 
220 
222 
224 
222 
217 
212 
208 
192 
198 
209 
206 
194 
161 
163 
151 
112 
81 
71 
86 
97 
85 
79 
47 
162 
217 
187 
125 
119 
124 
140 
102 
72 
47 
47 
24 
25 
31 
35 
93 
126 
122 
109 
159 
169 
143 
131 
156 
179 
172 
186 
131 
231 
232 
233 
232 
229 
226 
222 
211 
216 
233 
216 
125 
132 
161 
141 
102 
68 
71 
86 
66 
49 
38 
132 
205 
212 
201 
134 
86 
63 
49 
36 
33 
25 
28 
32 
35 
37 
27 
103 
117 
99 
77 
139 
167 
159 
167 
163 
167 
153 
123 
95 
203 
209 
215 
221 
229 
227 
235 
229 
222 
221 
153 
113 
142 
146 
128 
104 
68 
63 
51 
31 
38 
115 
193 
190 
191 
197 
181 
62 
32 
27 
18 
17 
29 
31 
40 
43 
40 
32 
111 
129 
94 
57 
105 
141 
127 
144 
126 
146 
139 
139 
89 
176 
179 
179 
189 
189 
185 
179 
177 
186 
130 
101 
116 
130 
125 
113 
99 
75 
47 
30 
75 
129 
173 
186 
183 
189 
199 
198 
131 
40 
16 
18 
26 
30 
36 
44 
50 
34 
47 
107 
112 
81 
54 
76 
141 
150 
125 
114 
148 
143 
114 
93 
159 
157 
150 
176 
169 
160 
173 
162 
162 
108 
122 
125 
134 
115 
109 
88 
73 
32 
50 
147 
186 
191 
187 
180 
182 
179 
176 
147 
82 
28 
19 
26 
39 
42 
53 
59 
24 
52 
112 
107 
68 
50 
49 
89 
122 
115 
130 
146 
136 
157 
123 
138 
143 
149 
176 
178 
174 
173 
170 
126 
118 
124 
119 
112 
107 
102 
75 
48 
49 
53 
111 
212 
212 
181 
167 
170 
166 
165 
143 
180 
84 
34 
43 
51 
57 
71 
64 
25 
69 
111 
118 
86 
56 
51 
63 
119 
145 
145 
129 
157 
181 
146 
178 
174 
178 
191 
189 
184 
162 
132 
117 
113 
119 
113 
77 
58 
64 
57 
48 
68 
72 
129 
205 
229 
206 
182 
170 
169 
176 
154 
189 
148 
73 
55 
69 
74 
69 
38 
26 
96 
124 
125 
101 
84 
73 
62 
155 
161 
158 
170 
152 
153 
138 
184 
177 
196 
183 
192 
192 
173 
129 
104 
105 
86 
78 
46 
38 
58 
69 
93 
119 
107 
105 
129 
172 
192 
201 
187 
179 
183 
158 
186 
185 
154 
105 
87 
81 
51 
11 
17 
101 
133 
119 
110 
95 
90 
78 
141 
148 
135 
125 
110 
135 
119 
198 
168 
172 
160 
178 
204 
148 
106 
70 
65 
67 
54 
40 
45 
50 
68 
91 
95 
85 
67 
76 
99 
118 
163 
195 
204 
201 
183 
208 
203 
186 
181 
124 
58 
22 
12 
9 
81 
129 
133 
117 
88 
104 
91 
97 
149 
157 
112 
86 
100 
83 
188 
185 
188 
178 
188 
162 
97 
87 
79 
73 
72 
49 
49 
46 
64 
78 
71 
77 
75 
70 
80 
75 
73 
83 
117 
177 
200 
180 
195 
201 
172 
134 
74 
25 
13 
10 
8 
44 
117 
126 
114 
90 
91 
107 
95 
145 
126 
134 
115 
121 
92 
190 
191 
193 
186 
155 
101 
64 
83 
77 
74 
68 
59 
63 
52 
66 
70 
70 
73 
66 
71 
79 
68 
69 
57 
61 
96 
149 
113 
151 
127 
67 
40 
21 
22 
20 
16 
11 
34 
77 
77 
95 
96 
89 
117 
87 
121 
179 
160 
138 
145 
113 
200 
196 
195 
207 
181 
92 
69 
92 
84 
98 
85 
79 
76 
65 
58 
52 
66 
64 
43 
48 
54 
62 
86 
68 
52 
65 
136 
160 
179 
117 
32 
24 
35 
43 
21 
16 
41 
70 
60 
73 
113 
101 
103 
120 
110 
106 
152 
99 
143 
181 
140 
194 
195 
194 
205 
197 
119 
74 
88 
96 
98 
95 
102 
98 
83 
66 
46 
52 
27 
16 
22 
45 
70 
82 
56 
44 
41 
105 
161 
183 
138 
67 
43 
58 
50 
21 
18 
88 
120 
76 
78 
101 
64 
80 
104 
107 
97 
112 
125 
107 
146 
126 
192 
194 
196 
202 
207 
150 
81 
86 
91 
93 
95 
123 
173 
179 
152 
138 
109 
65 
35 
20 
46 
66 
59 
31 
30 
25 
62 
125 
153 
121 
99 
66 
70 
51 
19 
21 
140 
141 
70 
79 
98 
67 
62 
99 
69 
86 
65 
96 
97 
88 
61 
181 
183 
187 
182 
194 
170 
76 
85 
85 
89 
132 
211 
218 
209 
210 
225 
211 
197 
178 
105 
50 
52 
37 
31 
44 
41 
39 
90 
155 
151 
120 
128 
131 
72 
16 
79 
175 
143 
60 
52 
77 
79 
90 
92 
68 
67 
61 
73 
93 
108 
61 
192 
198 
202 
198 
203 
191 
111 
85 
69 
86 
210 
231 
202 
211 
234 
218 
215 
205 
195 
183 
63 
48 
26 
44 
61 
48 
31 
56 
97 
146 
131 
123 
118 
65 
44 
188 
193 
182 
65 
28 
66 
83 
122 
105 
77 
103 
91 
73 
59 
91 
95 
200 
199 
195 
201 
203 
207 
170 
91 
54 
139 
236 
234 
223 
228 
222 
208 
201 
192 
200 
184 
57 
85 
53 
65 
86 
84 
46 
49 
64 
121 
110 
96 
80 
48 
127 
202 
199 
197 
88 
28 
69 
84 
90 
101 
65 
73 
86 
77 
60 
68 
81 
191 
187 
194 
202 
197 
203 
205 
162 
159 
203 
234 
236 
231 
216 
197 
200 
201 
193 
211 
163 
47 
124 
125 
106 
92 
90 
47 
40 
43 
94 
88 
74 
66 
82 
184 
187 
199 
198 
102 
24 
22 
48 
53 
100 
83 
73 
92 
92 
71 
75 
71 
195 
187 
191 
194 
191 
199 
190 
190 
187 
208 
207 
204 
205 
195 
192 
200 
202 
205 
205 
122 
36 
86 
67 
85 
81 
71 
19 
25 
41 
79 
84 
75 
59 
132 
178 
184 
192 
161 
129 
43 
29 
44 
61 
87 
79 
71 
100 
102 
80 
87 
79 
172 
177 
185 
181 
179 
195 
184 
185 
181 
203 
191 
179 
180 
187 
212 
214 
198 
194 
207 
108 
11 
10 
13 
14 
14 
12 
20 
30 
50 
57 
64 
61 
66 
173 
154 
134 
151 
169 
156 
101 
73 
70 
75 
65 
59 
41 
67 
108 
106 
103 
65 
180 
182 
195 
188 
185 
174 
174 
177 
180 
200 
184 
186 
186 
204 
225 
219 
193 
207 
203 
131 
19 
8 
16 
10 
10 
15 
18 
43 
66 
61 
56 
31 
115 
195 
184 
171 
175 
159 
176 
174 
124 
74 
67 
60 
57 
43 
33 
48 
78 
80 
47 
183 
191 
184 
178 
189 
181 
177 
188 
187 
197 
181 
183 
197 
217 
216 
208 
185 
192 
200 
145 
37 
10 
55 
49 
30 
26 
28 
44 
61 
51 
29 
51 
169 
197 
182 
172 
184 
190 
203 
201 
169 
100 
70 
52 
47 
35 
27 
27 
43 
56 
50 
197 
195 
192 
192 
191 
184 
174 
183 
194 
206 
190 
203 
185 
187 
195 
186 
187 
190 
180 
142 
41 
13 
72 
131 
116 
72 
24 
46 
53 
28 
20 
125 
191 
147 
130 
134 
154 
181 
203 
208 
184 
165 
94 
63 
53 
35 
36 
50 
40 
46 
48 
164 
185 
191 
190 
183 
177 
183 
179 
190 
202 
197 
202 
181 
185 
187 
181 
187 
179 
161 
120 
42 
10 
64 
133 
125 
126 
64 
35 
40 
26 
42 
128 
171 
191 
161 
149 
101 
120 
176 
183 
179 
191 
132 
71 
41 
28 
27 
58 
59 
56 
42 
141 
138 
173 
163 
163 
180 
179 
177 
168 
188 
193 
193 
182 
188 
177 
182 
187 
164 
142 
94 
34 
14 
54 
125 
131 
123 
95 
123 
129 
129 
150 
159 
189 
214 
231 
199 
73 
91 
147 
177 
172 
166 
158 
85 
41 
26 
26 
58 
69 
62 
49 
178 
183 
199 
160 
168 
189 
194 
189 
180 
186 
189 
192 
178 
180 
171 
179 
171 
155 
120 
69 
25 
14 
43 
135 
164 
181 
177 
173 
173 
168 
168 
164 
189 
218 
238 
236 
176 
154 
189 
186 
194 
184 
172 
129 
52 
28 
26 
44 
92 
98 
63 
184 
189 
196 
185 
174 
193 
182 
187 
196 
199 
190 
184 
173 
172 
164 
171 
160 
143 
92 
42 
22 
28 
66 
159 
192 
188 
178 
164 
165 
160 
164 
173 
197 
223 
242 
236 
184 
185 
193 
203 
209 
218 
193 
132 
60 
38 
33 
43 
95 
110 
66 
171 
170 
178 
154 
176 
170 
154 
170 
181 
193 
182 
172 
168 
164 
159 
165 
152 
125 
82 
40 
12 
24 
55 
147 
177 
176 
156 
160 
162 
173 
182 
182 
194 
219 
233 
232 
201 
151 
124 
120 
140 
145 
146 
117 
65 
48 
42 
50 
61 
82 
63 
185 
192 
174 
154 
138 
145 
162 
189 
200 
194 
167 
149 
152 
141 
145 
140 
113 
102 
147 
155 
48 
26 
68 
133 
159 
157 
147 
154 
154 
155 
166 
169 
200 
213 
214 
194 
185 
132 
131 
91 
94 
90 
98 
123 
77 
57 
35 
50 
88 
82 
74 
195 
174 
144 
153 
166 
172 
185 
177 
168 
183 
155 
127 
136 
120 
107 
78 
56 
88 
131 
145 
92 
83 
62 
101 
132 
147 
148 
162 
166 
157 
162 
183 
199 
196 
166 
128 
134 
132 
137 
126 
142 
143 
134 
157 
147 
142 
105 
136 
144 
141 
103 
176 
169 
150 
182 
189 
198 
197 
181 
175 
176 
151 
119 
109 
95 
87 
106 
70 
47 
43 
137 
146 
167 
92 
100 
123 
138 
144 
142 
151 
141 
166 
178 
185 
170 
136 
114 
138 
175 
150 
184 
207 
204 
203 
218 
171 
169 
196 
215 
167 
182 
112 
145 
163 
179 
189 
184 
187 
192 
182 
160 
179 
163 
171 
189 
132 
108 
107 
99 
82 
73 
162 
115 
197 
165 
151 
141 
164 
149 
141 
147 
116 
149 
147 
143 
150 
145 
179 
164 
148 
175 
181 
174 
170 
170 
191 
195 
200 
215 
207 
166 
188 
138 
170 
181 
186 
178 
163 
167 
196 
169 
179 
195 
190 
177 
184 
168 
100 
89 
110 
98 
99 
153 
174 
190 
182 
156 
130 
174 
178 
175 
151 
154 
183 
173 
169 
174 
171 
165 
160 
158 
182 
168 
173 
159 
134 
187 
200 
197 
207 
199 
194 
195 
161 
164 
166 
162 
158 
169 
174 
166 
183 
186 
181 
179 
183 
187 
180 
156 
179 
169 
163 
162 
179 
217 
204 
166 
187 
159 
182 
164 
167 
152 
136 
182 
151 
152 
136 
143 
132 
140 
177 
171 
160 
184 
175 
179 
181 
162 
188 
188 
151 
148 
128 
123 
117 
106 
127 
123 
131 
127 
122 
141 
145 
134 
148 
150 
142 
143 
137 
149 
154 
151 
160 
157 
157 
142 
123 
133 
140 
135 
121 
134 
136 
145 
124 
121 
107 
91 
91 
81 
82 
89 
91 
107 
135 
126 
126 
128 
126 
88 
115 
148 
123 
128 
63 
