255 
255 
255 
255 
255 
255 
255 
255 
255 
255 
255 
255 
255 
255 
255 
255 
255 
255 
255 
255 
255 
255 
255 
255 
255 
255 
255 
255 
255 
255 
255 
253 
252 
252 
250 
250 
250 
249 
249 
224 
180 
120 
147 
248 
253 
253 
254 
254 
253 
253 
254 
254 
254 
254 
254 
255 
254 
254 
254 
254 
254 
253 
253 
253 
254 
255 
255 
255 
255 
255 
255 
255 
255 
255 
255 
255 
255 
255 
255 
255 
255 
255 
255 
255 
255 
255 
255 
255 
255 
255 
255 
255 
255 
255 
255 
255 
255 
255 
255 
191 
255 
255 
255 
255 
255 
255 
255 
255 
255 
255 
255 
255 
255 
255 
255 
255 
255 
255 
255 
255 
255 
255 
255 
255 
255 
255 
255 
255 
255 
255 
255 
254 
252 
252 
252 
251 
250 
223 
154 
116 
83 
120 
239 
249 
253 
253 
254 
254 
254 
254 
254 
254 
254 
254 
254 
254 
254 
254 
254 
254 
254 
254 
254 
254 
255 
255 
255 
255 
255 
255 
255 
255 
255 
255 
255 
255 
255 
255 
255 
255 
255 
255 
255 
255 
255 
255 
255 
255 
255 
255 
255 
255 
255 
255 
255 
255 
255 
255 
255 
191 
255 
255 
255 
255 
255 
255 
255 
255 
255 
255 
255 
255 
255 
255 
255 
255 
255 
255 
255 
255 
255 
255 
255 
255 
255 
255 
255 
255 
255 
255 
255 
254 
251 
249 
251 
236 
160 
112 
118 
80 
95 
235 
249 
251 
252 
253 
253 
253 
254 
254 
254 
254 
254 
254 
254 
254 
254 
254 
254 
254 
254 
254 
254 
254 
254 
255 
255 
255 
255 
255 
255 
255 
255 
255 
255 
255 
255 
255 
255 
255 
255 
255 
255 
255 
255 
255 
255 
255 
255 
255 
255 
255 
255 
255 
255 
255 
255 
255 
255 
191 
255 
255 
255 
255 
255 
255 
255 
255 
255 
255 
255 
255 
255 
255 
255 
255 
255 
255 
255 
255 
255 
255 
255 
255 
255 
255 
255 
254 
252 
254 
255 
251 
251 
250 
207 
120 
117 
127 
76 
83 
225 
251 
220 
203 
251 
253 
252 
253 
254 
254 
254 
254 
254 
254 
253 
254 
254 
254 
254 
254 
254 
253 
253 
253 
254 
255 
255 
254 
255 
255 
255 
255 
255 
255 
255 
255 
255 
255 
255 
255 
255 
255 
255 
255 
255 
255 
255 
255 
255 
255 
255 
255 
255 
255 
255 
255 
255 
255 
255 
191 
255 
255 
255 
255 
255 
255 
255 
255 
255 
255 
255 
255 
255 
255 
255 
255 
255 
255 
255 
255 
255 
255 
255 
255 
255 
255 
255 
254 
250 
253 
253 
251 
244 
182 
115 
129 
131 
79 
70 
214 
241 
179 
150 
238 
251 
250 
250 
252 
253 
254 
254 
254 
253 
252 
251 
252 
253 
253 
254 
254 
253 
253 
253 
251 
252 
253 
251 
254 
255 
255 
255 
255 
255 
255 
255 
255 
255 
255 
255 
255 
255 
255 
255 
255 
255 
255 
255 
255 
255 
255 
255 
255 
255 
255 
255 
255 
255 
255 
255 
191 
255 
255 
255 
255 
255 
255 
255 
255 
255 
255 
255 
255 
255 
255 
255 
255 
255 
255 
255 
255 
255 
255 
255 
255 
255 
255 
255 
255 
253 
253 
250 
246 
170 
120 
137 
131 
83 
63 
201 
216 
135 
134 
229 
222 
196 
241 
240 
229 
219 
214 
208 
206 
209 
210 
210 
210 
217 
229 
243 
250 
253 
252 
250 
252 
253 
253 
250 
254 
255 
255 
255 
255 
255 
255 
255 
255 
255 
255 
255 
255 
255 
255 
255 
255 
255 
255 
255 
255 
255 
255 
255 
255 
255 
255 
255 
255 
255 
255 
255 
191 
255 
255 
255 
255 
255 
255 
255 
255 
255 
255 
255 
255 
255 
255 
255 
255 
255 
255 
255 
255 
255 
255 
255 
255 
255 
255 
255 
254 
253 
250 
241 
159 
128 
132 
132 
106 
53 
189 
199 
122 
108 
179 
159 
88 
151 
176 
161 
143 
124 
117 
109 
103 
98 
96 
93 
91 
90 
92 
95 
99 
121 
162 
199 
221 
245 
253 
252 
251 
255 
255 
255 
255 
255 
255 
255 
255 
255 
255 
255 
255 
255 
255 
255 
255 
255 
255 
255 
255 
255 
255 
255 
255 
255 
255 
255 
255 
255 
255 
255 
191 
255 
255 
255 
255 
255 
255 
255 
255 
255 
255 
255 
255 
255 
255 
255 
254 
254 
254 
254 
255 
255 
255 
255 
254 
253 
254 
254 
253 
250 
244 
167 
136 
141 
138 
126 
55 
170 
182 
126 
105 
107 
136 
114 
101 
153 
146 
139 
133 
128 
123 
118 
113 
105 
99 
92 
87 
84 
78 
72 
67 
59 
49 
54 
68 
92 
134 
194 
226 
251 
254 
253 
253 
253 
254 
254 
254 
254 
254 
255 
255 
255 
255 
255 
255 
255 
255 
255 
255 
255 
255 
255 
255 
255 
255 
255 
255 
255 
255 
255 
191 
255 
255 
255 
255 
255 
255 
255 
255 
255 
255 
255 
255 
255 
255 
255 
254 
254 
254 
254 
254 
255 
254 
254 
252 
250 
253 
253 
252 
248 
178 
137 
146 
142 
140 
75 
131 
170 
130 
101 
129 
145 
141 
92 
129 
152 
146 
140 
134 
128 
123 
117 
111 
105 
100 
94 
89 
84 
78 
71 
65 
57 
55 
51 
48 
49 
45 
41 
61 
107 
184 
232 
249 
250 
250 
252 
251 
254 
254 
254 
254 
255 
255 
255 
255 
255 
255 
255 
255 
255 
255 
255 
255 
255 
255 
255 
255 
255 
255 
255 
191 
255 
255 
255 
255 
255 
255 
255 
255 
255 
255 
255 
255 
255 
255 
255 
254 
254 
254 
254 
254 
254 
254 
254 
254 
253 
253 
253 
251 
206 
139 
147 
148 
143 
120 
53 
91 
127 
119 
91 
157 
148 
144 
91 
122 
152 
146 
140 
134 
128 
123 
117 
111 
105 
100 
94 
89 
84 
78 
71 
65 
59 
55 
51 
48 
48 
51 
50 
49 
43 
37 
65 
137 
212 
246 
252 
248 
254 
254 
253 
253 
255 
255 
255 
255 
255 
255 
255 
255 
255 
255 
255 
255 
255 
255 
255 
255 
255 
255 
255 
191 
255 
255 
255 
255 
255 
255 
255 
255 
255 
255 
255 
255 
255 
255 
255 
254 
254 
254 
254 
254 
254 
254 
254 
253 
253 
253 
250 
229 
152 
156 
148 
145 
151 
103 
128 
150 
156 
70 
140 
156 
150 
149 
101 
96 
152 
146 
140 
134 
128 
123 
117 
111 
105 
100 
94 
89 
84 
78 
71 
65 
57 
53 
49 
47 
50 
52 
51 
50 
51 
47 
44 
31 
50 
125 
212 
249 
254 
254 
253 
253 
255 
255 
255 
255 
255 
255 
255 
255 
255 
255 
255 
255 
255 
255 
255 
255 
255 
255 
255 
191 
255 
255 
255 
255 
255 
255 
255 
255 
255 
255 
255 
255 
255 
255 
255 
254 
254 
254 
254 
253 
253 
253 
254 
252 
252 
246 
209 
163 
154 
155 
153 
149 
143 
131 
164 
159 
125 
79 
165 
157 
155 
152 
145 
143 
152 
146 
140 
135 
128 
123 
116 
111 
106 
100 
94 
89 
82 
80 
76 
77 
84 
87 
89 
90 
95 
95 
93 
91 
88 
89 
80 
69 
52 
31 
49 
138 
232 
253 
253 
253 
254 
252 
254 
254 
255 
255 
255 
255 
255 
255 
255 
255 
255 
255 
255 
255 
255 
255 
255 
191 
255 
255 
255 
255 
255 
255 
255 
255 
255 
255 
255 
255 
255 
255 
255 
254 
254 
254 
254 
253 
250 
252 
251 
248 
202 
124 
95 
154 
157 
156 
155 
154 
149 
150 
162 
156 
110 
127 
157 
155 
158 
158 
158 
156 
151 
146 
140 
135 
129 
123 
116 
111 
106 
101 
95 
90 
88 
93 
98 
100 
99 
100 
98 
95 
96 
103 
104 
106 
120 
128 
128 
125 
108 
89 
73 
44 
69 
180 
244 
251 
253 
251 
253 
253 
255 
255 
255 
255 
255 
255 
255 
255 
255 
255 
255 
255 
255 
255 
255 
191 
255 
255 
255 
255 
255 
255 
255 
255 
255 
255 
255 
255 
255 
255 
255 
254 
254 
254 
254 
253 
250 
246 
214 
129 
75 
62 
129 
158 
157 
157 
156 
156 
152 
153 
160 
155 
160 
159 
158 
159 
158 
158 
158 
156 
151 
146 
140 
135 
129 
123 
116 
110 
104 
100 
96 
95 
97 
97 
97 
96 
96 
98 
109 
113 
98 
95 
99 
106 
107 
102 
104 
105 
98 
95 
96 
94 
77 
51 
119 
230 
253 
248 
252 
253 
255 
255 
255 
255 
255 
255 
255 
255 
255 
255 
255 
255 
255 
255 
255 
191 
255 
255 
255 
255 
255 
255 
255 
255 
255 
255 
255 
255 
255 
255 
255 
255 
255 
254 
254 
253 
235 
164 
91 
91 
73 
72 
163 
156 
158 
158 
157 
157 
157 
156 
157 
158 
158 
158 
161 
158 
158 
158 
158 
156 
151 
146 
140 
135 
129 
123 
116 
109 
102 
100 
98 
98 
101 
100 
99 
100 
107 
112 
120 
122 
102 
95 
107 
122 
123 
112 
97 
100 
96 
96 
96 
94 
116 
103 
71 
85 
202 
247 
252 
252 
255 
255 
255 
255 
255 
255 
255 
255 
255 
255 
255 
255 
255 
255 
255 
191 
255 
255 
255 
255 
255 
255 
255 
255 
255 
254 
254 
254 
252 
254 
254 
254 
254 
253 
251 
208 
122 
78 
98 
112 
97 
120 
169 
158 
158 
158 
157 
158 
159 
158 
157 
158 
155 
156 
157 
158 
158 
158 
158 
157 
148 
146 
139 
135 
128 
123 
113 
106 
99 
99 
100 
96 
95 
98 
97 
95 
100 
102 
103 
100 
100 
99 
104 
107 
107 
98 
96 
138 
113 
95 
99 
101 
122 
125 
117 
93 
68 
176 
251 
254 
253 
254 
254 
254 
255 
255 
255 
255 
255 
255 
255 
255 
255 
255 
255 
191 
255 
255 
255 
255 
255 
255 
255 
255 
255 
254 
254 
253 
251 
253 
254 
251 
250 
243 
174 
102 
85 
100 
115 
114 
110 
166 
168 
157 
158 
158 
158 
158 
158 
158 
158 
157 
156 
155 
158 
160 
160 
162 
153 
142 
148 
144 
139 
134 
129 
115 
99 
96 
96 
97 
100 
96 
98 
107 
106 
99 
96 
97 
109 
112 
126 
118 
101 
94 
100 
104 
126 
165 
164 
129 
95 
107 
112 
114 
115 
102 
92 
63 
165 
246 
248 
251 
249 
253 
254 
255 
255 
255 
255 
255 
255 
255 
255 
255 
255 
191 
255 
255 
255 
255 
255 
255 
255 
255 
255 
254 
254 
254 
253 
251 
253 
251 
237 
154 
109 
91 
85 
96 
99 
94 
103 
180 
165 
154 
158 
158 
158 
158 
158 
158 
158 
158 
158 
159 
157 
155 
152 
141 
127 
147 
150 
144 
140 
135 
115 
95 
95 
95 
98 
98 
95 
104 
114 
121 
122 
115 
97 
96 
108 
109 
111 
113 
100 
93 
108 
128 
144 
152 
153 
139 
100 
96 
89 
96 
93 
92 
93 
93 
60 
151 
244 
249 
250 
253 
254 
255 
255 
255 
255 
255 
255 
255 
255 
255 
255 
191 
255 
255 
255 
255 
255 
255 
255 
255 
254 
254 
254 
253 
253 
253 
251 
233 
144 
112 
118 
83 
78 
72 
67 
59 
124 
189 
164 
154 
158 
158 
158 
158 
158 
158 
158 
157 
157 
156 
146 
135 
131 
120 
148 
161 
149 
143 
141 
117 
95 
94 
99 
97 
97 
103 
99 
98 
102 
107 
112 
112 
101 
97 
94 
97 
93 
92 
109 
151 
133 
102 
93 
97 
97 
93 
96 
101 
107 
94 
91 
94 
95 
97 
95 
56 
155 
249 
250 
252 
254 
255 
255 
255 
255 
255 
255 
255 
255 
255 
255 
191 
255 
255 
255 
255 
255 
255 
255 
254 
254 
254 
254 
254 
252 
251 
234 
146 
116 
132 
128 
109 
105 
89 
66 
66 
170 
193 
167 
158 
158 
158 
158 
158 
156 
156 
156 
149 
138 
129 
127 
127 
122 
145 
160 
159 
152 
145 
126 
96 
96 
94 
93 
97 
93 
108 
109 
95 
95 
95 
94 
95 
110 
120 
98 
94 
100 
120 
155 
178 
176 
159 
101 
99 
105 
96 
97 
117 
142 
103 
101 
102 
98 
107 
106 
95 
54 
166 
251 
249 
254 
253 
253 
254 
255 
255 
255 
255 
255 
255 
255 
191 
255 
255 
255 
255 
255 
255 
255 
254 
254 
254 
254 
254 
250 
237 
149 
116 
132 
134 
126 
107 
78 
67 
62 
76 
193 
197 
174 
156 
159 
157 
161 
156 
159 
150 
128 
120 
120 
122 
127 
124 
140 
159 
155 
159 
155 
137 
104 
94 
98 
95 
99 
104 
110 
120 
121 
112 
93 
104 
115 
119 
127 
124 
113 
98 
113 
127 
132 
136 
123 
104 
97 
95 
103 
128 
147 
152 
153 
140 
99 
99 
110 
108 
109 
108 
85 
55 
187 
252 
252 
252 
252 
252 
255 
255 
255 
255 
255 
255 
255 
191 
255 
255 
255 
255 
255 
255 
255 
255 
255 
254 
254 
253 
241 
161 
121 
117 
115 
97 
87 
72 
69 
64 
67 
158 
207 
200 
170 
157 
157 
155 
157 
152 
132 
115 
115 
116 
120 
123 
126 
142 
158 
159 
154 
160 
142 
99 
92 
94 
96 
96 
98 
102 
113 
119 
123 
122 
102 
91 
97 
107 
112 
117 
111 
95 
89 
93 
116 
89 
91 
88 
89 
122 
148 
103 
106 
133 
145 
154 
117 
91 
95 
106 
111 
111 
100 
77 
63 
213 
253 
250 
252 
255 
255 
255 
255 
255 
255 
255 
255 
191 
255 
255 
255 
255 
255 
255 
255 
254 
254 
254 
254 
250 
184 
148 
122 
104 
95 
102 
101 
79 
70 
60 
70 
210 
216 
192 
160 
157 
158 
159 
143 
115 
104 
110 
110 
113 
117 
134 
137 
158 
158 
158 
159 
155 
87 
92 
94 
92 
93 
96 
95 
93 
95 
100 
97 
93 
94 
108 
104 
90 
95 
93 
90 
97 
109 
134 
180 
133 
107 
118 
113 
156 
185 
165 
102 
90 
94 
104 
100 
93 
95 
92 
99 
109 
105 
90 
62 
90 
236 
249 
253 
253 
255 
255 
255 
255 
255 
255 
255 
191 
255 
255 
255 
255 
255 
255 
255 
254 
253 
252 
250 
209 
139 
170 
159 
143 
152 
123 
79 
69 
50 
23 
127 
224 
210 
163 
157 
156 
159 
135 
103 
102 
104 
105 
107 
109 
134 
144 
151 
158 
158 
159 
157 
139 
86 
76 
60 
52 
46 
59 
76 
89 
97 
94 
95 
101 
104 
121 
119 
104 
94 
102 
128 
158 
176 
186 
182 
175 
111 
117 
163 
180 
186 
185 
157 
95 
90 
94 
88 
94 
95 
99 
94 
89 
93 
86 
90 
46 
135 
244 
252 
253 
254 
254 
254 
254 
255 
255 
255 
191 
255 
255 
255 
255 
255 
255 
255 
254 
252 
249 
229 
147 
165 
177 
175 
160 
108 
76 
74 
40 
26 
26 
185 
221 
187 
155 
161 
156 
134 
99 
97 
100 
103 
104 
105 
126 
147 
151 
156 
159 
158 
158 
158 
157 
155 
150 
137 
122 
100 
65 
36 
27 
47 
76 
90 
96 
105 
118 
121 
127 
105 
90 
93 
96 
125 
143 
167 
169 
130 
88 
96 
113 
138 
157 
147 
99 
92 
97 
100 
100 
103 
108 
102 
91 
92 
88 
93 
78 
45 
201 
251 
253 
253 
253 
253 
254 
255 
255 
255 
191 
255 
255 
255 
255 
255 
255 
255 
254 
252 
245 
172 
154 
176 
171 
134 
96 
85 
74 
43 
22 
25 
51 
213 
217 
165 
157 
162 
143 
94 
96 
92 
95 
99 
103 
113 
152 
152 
154 
157 
158 
158 
158 
158 
157 
149 
139 
136 
136 
129 
128 
108 
79 
37 
23 
38 
69 
92 
96 
100 
105 
97 
91 
89 
127 
121 
90 
91 
98 
91 
91 
104 
97 
88 
88 
91 
89 
99 
99 
98 
108 
107 
109 
107 
96 
91 
93 
92 
95 
54 
91 
241 
252 
254 
253 
254 
254 
255 
255 
255 
191 
255 
255 
255 
255 
255 
255 
255 
254 
250 
207 
134 
161 
144 
115 
96 
92 
82 
38 
24 
25 
25 
73 
223 
212 
159 
154 
156 
105 
83 
88 
88 
75 
89 
101 
145 
160 
157 
157 
158 
158 
158 
158 
158 
156 
150 
146 
142 
139 
133 
127 
117 
112 
104 
67 
32 
23 
46 
82 
91 
92 
101 
97 
94 
144 
177 
126 
96 
108 
94 
94 
118 
116 
98 
97 
96 
95 
107 
106 
91 
92 
100 
105 
105 
106 
91 
94 
82 
90 
86 
44 
175 
253 
253 
253 
254 
254 
255 
255 
255 
191 
255 
255 
255 
254 
254 
255 
255 
253 
239 
158 
123 
112 
111 
108 
111 
86 
61 
26 
20 
22 
20 
93 
222 
205 
156 
159 
134 
80 
86 
53 
19 
11 
17 
94 
164 
162 
159 
159 
158 
158 
158 
158 
158 
157 
151 
143 
138 
136 
126 
122 
117 
112 
104 
103 
85 
45 
21 
30 
73 
94 
97 
138 
168 
175 
173 
167 
108 
103 
123 
128 
128 
130 
110 
96 
110 
110 
109 
116 
103 
89 
92 
92 
95 
93 
90 
91 
69 
82 
93 
78 
77 
238 
252 
253 
253 
252 
255 
255 
255 
191 
255 
255 
255 
254 
253 
254 
254 
250 
200 
149 
120 
113 
126 
145 
91 
126 
185 
168 
141 
106 
72 
115 
226 
201 
156 
161 
103 
78 
41 
6 
21 
42 
19 
91 
169 
159 
158 
158 
158 
158 
158 
158 
158 
156 
151 
146 
140 
135 
128 
123 
117 
111 
105 
100 
94 
86 
54 
24 
30 
72 
88 
91 
113 
155 
172 
176 
128 
88 
98 
118 
130 
126 
124 
96 
94 
102 
110 
114 
111 
95 
90 
90 
90 
89 
88 
90 
60 
74 
88 
90 
49 
174 
252 
248 
253 
252 
255 
255 
255 
191 
255 
255 
255 
254 
252 
251 
253 
241 
164 
172 
151 
157 
170 
107 
87 
175 
200 
197 
201 
199 
202 
199 
222 
205 
160 
153 
86 
64 
7 
38 
97 
162 
77 
107 
174 
157 
158 
158 
158 
158 
158 
158 
158 
156 
151 
146 
140 
135 
128 
123 
117 
111 
105 
100 
94 
90 
85 
53 
21 
28 
70 
91 
87 
92 
108 
114 
91 
85 
88 
90 
104 
119 
120 
98 
93 
94 
98 
103 
107 
97 
90 
90 
90 
89 
91 
93 
57 
61 
92 
83 
73 
88 
243 
251 
253 
251 
254 
255 
255 
191 
255 
255 
255 
255 
252 
252 
252 
208 
155 
174 
174 
173 
119 
93 
99 
112 
202 
198 
199 
197 
197 
200 
218 
209 
160 
144 
79 
53 
20 
132 
22 
89 
93 
137 
165 
155 
158 
158 
158 
158 
158 
158 
158 
156 
151 
146 
140 
135 
128 
123 
117 
111 
105 
100 
94 
88 
84 
76 
53 
23 
28 
75 
99 
89 
88 
91 
99 
94 
92 
89 
87 
90 
94 
88 
89 
87 
86 
88 
94 
90 
90 
90 
90 
89 
90 
88 
55 
54 
83 
84 
78 
52 
196 
251 
252 
250 
254 
255 
255 
191 
254 
254 
254 
254 
253 
253 
248 
164 
167 
172 
174 
129 
97 
102 
163 
89 
154 
205 
197 
198 
199 
201 
216 
205 
158 
146 
74 
49 
26 
64 
11 
73 
101 
178 
162 
160 
156 
158 
158 
159 
160 
161 
162 
161 
154 
146 
139 
135 
127 
122 
117 
113 
105 
99 
94 
87 
83 
76 
75 
47 
23 
36 
95 
122 
97 
82 
108 
116 
86 
88 
94 
93 
92 
91 
92 
89 
88 
87 
90 
89 
89 
89 
89 
89 
88 
82 
53 
52 
70 
88 
58 
66 
117 
250 
250 
252 
254 
255 
255 
191 
253 
254 
254 
252 
252 
252 
226 
141 
169 
165 
130 
100 
92 
140 
175 
149 
87 
193 
200 
198 
199 
197 
211 
208 
155 
152 
79 
61 
23 
83 
78 
108 
167 
180 
158 
155 
157 
162 
154 
131 
107 
95 
92 
96 
104 
119 
131 
134 
128 
126 
120 
112 
107 
105 
95 
87 
81 
77 
68 
57 
38 
25 
46 
109 
157 
136 
152 
152 
89 
89 
89 
88 
89 
89 
89 
88 
88 
88 
88 
89 
89 
88 
88 
89 
86 
83 
51 
51 
63 
88 
57 
71 
67 
227 
252 
252 
255 
255 
255 
191 
253 
254 
254 
253 
253 
251 
190 
129 
130 
115 
113 
102 
102 
165 
172 
174 
115 
124 
199 
200 
199 
196 
198 
210 
155 
154 
84 
70 
42 
76 
134 
185 
193 
171 
152 
159 
158 
112 
54 
46 
61 
75 
77 
70 
65 
62 
61 
61 
62 
64 
65 
63 
64 
66 
54 
47 
43 
34 
26 
23 
21 
25 
27 
71 
107 
172 
176 
167 
99 
89 
86 
89 
89 
89 
89 
88 
87 
87 
87 
88 
88 
87 
87 
88 
87 
76 
50 
53 
58 
90 
63 
56 
53 
173 
252 
253 
255 
255 
255 
191 
254 
254 
254 
254 
254 
246 
157 
128 
117 
109 
121 
94 
125 
170 
168 
173 
167 
84 
169 
201 
197 
196 
195 
203 
160 
157 
92 
72 
146 
204 
199 
197 
190 
158 
154 
133 
64 
59 
112 
126 
128 
126 
124 
125 
126 
123 
120 
119 
110 
94 
92 
91 
55 
27 
23 
21 
24 
27 
27 
26 
21 
24 
23 
38 
86 
107 
169 
178 
119 
84 
86 
90 
89 
89 
89 
88 
86 
86 
86 
87 
87 
87 
86 
86 
88 
68 
48 
51 
53 
84 
66 
45 
61 
108 
251 
252 
255 
255 
255 
191 
254 
254 
254 
254 
251 
228 
136 
124 
117 
132 
116 
93 
156 
172 
172 
171 
172 
144 
91 
195 
197 
196 
207 
192 
160 
163 
121 
130 
198 
192 
190 
176 
160 
152 
92 
39 
87 
137 
135 
131 
133 
130 
129 
128 
127 
124 
122 
130 
155 
184 
204 
209 
200 
166 
114 
67 
47 
40 
28 
22 
21 
23 
29 
25 
66 
87 
99 
154 
124 
80 
86 
90 
89 
88 
90 
87 
85 
82 
86 
87 
86 
86 
84 
79 
86 
60 
48 
49 
51 
79 
65 
51 
57 
66 
231 
253 
255 
255 
255 
191 
254 
254 
254 
254 
252 
207 
127 
127 
130 
131 
104 
98 
168 
170 
173 
173 
172 
171 
106 
134 
196 
200 
243 
207 
162 
159 
155 
166 
163 
157 
158 
160 
134 
54 
57 
124 
142 
141 
139 
139 
138 
134 
131 
131 
129 
138 
171 
207 
213 
211 
210 
209 
205 
204 
207 
183 
127 
88 
87 
76 
61 
51 
39 
23 
36 
84 
88 
92 
91 
86 
87 
91 
88 
85 
95 
88 
85 
71 
86 
89 
81 
89 
82 
58 
67 
52 
57 
52 
52 
78 
65 
54 
57 
50 
198 
254 
254 
255 
255 
191 
254 
254 
254 
254 
252 
173 
130 
130 
134 
125 
91 
125 
173 
172 
173 
174 
172 
177 
166 
83 
176 
218 
215 
186 
210 
180 
135 
156 
158 
159 
157 
102 
45 
97 
146 
145 
146 
145 
143 
143 
145 
138 
137 
138 
170 
209 
217 
214 
213 
212 
211 
209 
208 
208 
204 
203 
205 
163 
102 
92 
96 
93 
95 
66 
26 
68 
90 
87 
87 
91 
93 
86 
87 
85 
99 
90 
88 
71 
81 
82 
73 
89 
83 
47 
55 
58 
63 
58 
58 
75 
68 
59 
59 
50 
147 
252 
254 
255 
255 
191 
254 
254 
254 
254 
245 
150 
131 
132 
128 
111 
88 
146 
172 
172 
171 
171 
173 
172 
173 
135 
100 
230 
142 
166 
192 
123 
83 
146 
147 
103 
54 
78 
142 
156 
151 
153 
151 
149 
148 
146 
143 
143 
144 
196 
221 
222 
214 
215 
214 
213 
211 
211 
211 
209 
207 
204 
201 
205 
182 
115 
90 
99 
94 
94 
41 
39 
89 
83 
86 
90 
96 
86 
86 
85 
103 
90 
88 
76 
62 
65 
61 
86 
78 
50 
61 
65 
65 
63 
66 
71 
71 
65 
65 
58 
99 
248 
254 
255 
255 
191 
254 
254 
254 
253 
232 
140 
131 
131 
121 
100 
90 
158 
169 
171 
171 
167 
171 
172 
175 
172 
110 
213 
194 
200 
120 
81 
62 
45 
39 
71 
139 
165 
157 
159 
158 
156 
154 
153 
151 
150 
149 
148 
193 
223 
222 
219 
218 
221 
215 
214 
212 
212 
211 
210 
208 
205 
204 
205 
202 
190 
122 
91 
93 
93 
67 
22 
78 
88 
86 
85 
99 
90 
85 
85 
104 
83 
85 
82 
49 
52 
54 
80 
70 
53 
64 
70 
71 
75 
71 
70 
73 
73 
69 
67 
76 
239 
254 
255 
255 
191 
253 
254 
253 
252 
217 
132 
127 
127 
109 
94 
91 
167 
171 
176 
171 
170 
174 
191 
169 
172 
173 
209 
201 
143 
84 
74 
113 
141 
158 
168 
165 
161 
164 
163 
161 
160 
159 
158 
157 
157 
152 
182 
225 
220 
223 
222 
220 
219 
217 
216 
214 
213 
213 
211 
210 
208 
206 
205 
203 
202 
195 
113 
92 
92 
86 
29 
60 
88 
84 
87 
106 
100 
88 
87 
103 
60 
71 
81 
55 
51 
50 
59 
55 
47 
65 
76 
75 
78 
77 
75 
74 
81 
76 
74 
56 
218 
254 
255 
255 
191 
253 
254 
253 
252 
203 
131 
113 
112 
99 
88 
95 
170 
172 
168 
172 
174 
217 
237 
190 
166 
177 
200 
178 
93 
81 
169 
215 
217 
203 
174 
175 
168 
168 
167 
166 
165 
164 
163 
161 
159 
164 
216 
227 
224 
224 
223 
222 
220 
219 
218 
216 
215 
213 
212 
211 
209 
207 
205 
204 
201 
199 
187 
104 
92 
96 
53 
35 
85 
82 
86 
100 
110 
92 
89 
97 
52 
49 
79 
51 
51 
52 
49 
50 
51 
66 
82 
81 
83 
83 
79 
71 
85 
85 
83 
48 
202 
255 
255 
255 
191 
253 
254 
253 
252 
180 
128 
99 
102 
93 
83 
94 
171 
170 
169 
171 
213 
241 
236 
230 
175 
172 
184 
137 
79 
179 
217 
218 
216 
208 
175 
174 
177 
174 
172 
171 
170 
169 
168 
166 
165 
193 
228 
224 
227 
226 
225 
223 
222 
221 
219 
218 
216 
214 
213 
211 
210 
207 
206 
205 
203 
200 
202 
170 
91 
92 
79 
29 
86 
87 
83 
98 
109 
103 
99 
78 
49 
50 
66 
52 
49 
48 
51 
50 
46 
67 
88 
89 
88 
90 
83 
69 
89 
87 
90 
50 
184 
255 
255 
255 
191 
253 
253 
253 
251 
162 
126 
88 
101 
90 
81 
92 
170 
172 
170 
204 
240 
240 
241 
242 
217 
169 
173 
106 
93 
202 
214 
214 
217 
210 
180 
180 
178 
178 
176 
175 
174 
174 
172 
171 
179 
224 
231 
231 
230 
227 
226 
225 
223 
222 
221 
219 
217 
215 
214 
212 
211 
208 
207 
205 
204 
200 
200 
202 
142 
92 
93 
31 
79 
103 
94 
106 
107 
111 
103 
60 
51 
58 
60 
53 
54 
56 
55 
55 
52 
66 
94 
95 
93 
94 
84 
66 
95 
96 
96 
51 
160 
255 
255 
255 
191 
253 
253 
253 
247 
148 
124 
71 
91 
85 
79 
92 
170 
171 
180 
230 
241 
241 
240 
240 
236 
196 
170 
139 
129 
138 
216 
218 
220 
217 
188 
185 
184 
182 
181 
179 
178 
179 
176 
175 
203 
232 
232 
231 
230 
229 
227 
226 
224 
223 
221 
220 
219 
217 
215 
213 
211 
209 
207 
205 
203 
202 
199 
197 
195 
110 
94 
48 
54 
110 
109 
108 
109 
111 
85 
53 
51 
57 
64 
59 
62 
61 
60 
60 
54 
65 
103 
102 
100 
100 
76 
61 
102 
101 
102 
54 
136 
254 
255 
255 
191 
253 
253 
253 
239 
134 
114 
70 
66 
83 
77 
86 
162 
166 
195 
243 
241 
241 
240 
240 
238 
233 
184 
173 
169 
106 
183 
216 
220 
219 
197 
188 
189 
186 
185 
184 
182 
181 
180 
184 
227 
234 
233 
232 
231 
230 
229 
227 
226 
224 
222 
221 
219 
218 
216 
213 
212 
210 
208 
205 
204 
204 
202 
199 
201 
154 
91 
66 
35 
106 
110 
112 
107 
109 
68 
54 
53 
59 
66 
68 
68 
68 
67 
66 
60 
69 
107 
105 
105 
111 
64 
58 
108 
107 
107 
52 
117 
254 
255 
255 
191 
253 
253 
253 
230 
119 
101 
76 
45 
82 
83 
82 
148 
168 
212 
245 
242 
241 
240 
240 
238 
242 
222 
173 
175 
155 
113 
211 
221 
223 
208 
192 
194 
192 
190 
189 
189 
186 
185 
208 
236 
235 
235 
234 
233 
232 
230 
229 
227 
224 
223 
222 
220 
219 
217 
214 
213 
211 
209 
206 
204 
206 
207 
197 
198 
180 
99 
80 
27 
86 
110 
107 
108 
92 
61 
57 
58 
61 
69 
78 
74 
76 
75 
74 
68 
73 
111 
110 
110 
100 
53 
58 
109 
110 
103 
52 
106 
254 
255 
255 
191 
253 
254 
253 
225 
110 
91 
84 
31 
77 
96 
89 
125 
172 
224 
242 
244 
241 
240 
240 
237 
238 
236 
206 
164 
174 
129 
152 
222 
224 
216 
195 
197 
196 
194 
193 
193 
193 
190 
229 
237 
237 
236 
235 
234 
233 
231 
230 
228 
225 
224 
222 
221 
219 
217 
215 
214 
211 
211 
207 
205 
203 
199 
173 
123 
86 
97 
86 
22 
59 
104 
108 
106 
71 
64 
63 
63 
62 
73 
84 
80 
81 
80 
81 
72 
76 
114 
114 
111 
77 
49 
59 
106 
111 
95 
51 
104 
254 
255 
255 
191 
253 
254 
254 
221 
100 
88 
88 
38 
51 
93 
92 
114 
168 
227 
245 
242 
241 
240 
240 
238 
240 
234 
234 
190 
169 
167 
107 
197 
223 
223 
206 
200 
200 
199 
197 
195 
195 
205 
243 
238 
239 
237 
236 
235 
234 
232 
230 
228 
227 
225 
223 
221 
220 
218 
213 
214 
212 
212 
207 
196 
158 
106 
93 
108 
142 
161 
98 
30 
53 
79 
96 
80 
65 
70 
69 
64 
60 
79 
88 
87 
87 
85 
90 
74 
80 
115 
114 
100 
54 
52 
58 
109 
114 
82 
48 
101 
254 
255 
255 
191 
253 
254 
254 
214 
93 
93 
94 
58 
35 
98 
106 
115 
158 
228 
240 
242 
241 
240 
240 
237 
238 
233 
239 
227 
175 
173 
147 
120 
222 
226 
216 
204 
204 
203 
202 
201 
198 
227 
241 
238 
240 
239 
237 
236 
235 
233 
230 
229 
227 
225 
223 
222 
220 
217 
218 
216 
215 
186 
136 
95 
94 
127 
158 
172 
174 
170 
116 
35 
59 
78 
75 
70 
72 
75 
72 
66 
62 
85 
95 
92 
94 
93 
95 
77 
88 
110 
112 
68 
52 
55 
61 
113 
111 
70 
50 
99 
254 
255 
255 
191 
253 
253 
254 
207 
86 
91 
94 
77 
34 
132 
118 
124 
144 
219 
240 
241 
241 
240 
240 
238 
237 
236 
233 
234 
212 
170 
177 
115 
165 
229 
228 
214 
210 
208 
207 
206 
211 
238 
241 
241 
242 
241 
239 
238 
235 
233 
231 
229 
227 
225 
223 
222 
219 
219 
207 
169 
118 
93 
109 
147 
169 
172 
169 
170 
171 
173 
139 
33 
56 
80 
80 
79 
80 
81 
76 
67 
63 
92 
103 
97 
101 
103 
100 
80 
90 
113 
83 
64 
65 
64 
70 
112 
101 
63 
48 
99 
254 
255 
255 
191 
252 
253 
254 
208 
75 
90 
90 
89 
40 
135 
154 
140 
135 
200 
243 
241 
241 
240 
240 
240 
238 
234 
236 
236 
237 
197 
173 
164 
108 
204 
226 
218 
214 
212 
211 
211 
225 
239 
242 
244 
243 
241 
240 
239 
235 
233 
233 
229 
227 
224 
225 
223 
201 
150 
104 
98 
128 
158 
174 
173 
171 
172 
171 
170 
171 
172 
157 
37 
59 
84 
89 
85 
86 
84 
80 
67 
64 
99 
109 
104 
108 
109 
103 
81 
98 
92 
70 
74 
73 
70 
86 
115 
89 
63 
45 
99 
254 
255 
255 
191 
253 
254 
254 
218 
60 
87 
91 
90 
60 
123 
172 
155 
134 
152 
232 
239 
241 
240 
240 
239 
238 
237 
236 
235 
234 
229 
182 
171 
140 
134 
229 
228 
219 
214 
214 
220 
233 
242 
245 
243 
242 
240 
239 
237 
235 
235 
234 
227 
230 
222 
183 
133 
96 
112 
149 
169 
175 
174 
172 
170 
172 
173 
172 
174 
184 
192 
176 
43 
62 
91 
92 
90 
92 
88 
90 
63 
64 
109 
113 
113 
114 
113 
101 
87 
89 
86 
82 
80 
80 
79 
94 
109 
71 
65 
44 
102 
255 
255 
255 
191 
253 
254 
253 
228 
61 
74 
90 
91 
71 
109 
170 
174 
159 
144 
183 
245 
241 
240 
240 
239 
238 
237 
236 
234 
231 
235 
216 
175 
171 
117 
180 
231 
224 
219 
219 
225 
236 
239 
242 
242 
241 
240 
238 
238 
235 
235 
236 
213 
165 
113 
100 
130 
160 
172 
173 
170 
168 
172 
172 
172 
176 
181 
194 
203 
201 
204 
184 
42 
74 
95 
97 
97 
99 
96 
89 
61 
72 
110 
113 
112 
114 
112 
97 
94 
93 
92 
89 
88 
88 
91 
103 
96 
64 
63 
41 
110 
254 
255 
255 
191 
253 
253 
252 
239 
78 
47 
84 
92 
67 
97 
175 
173 
173 
168 
200 
243 
241 
240 
240 
239 
238 
237 
236 
236 
234 
234 
233 
201 
170 
164 
112 
216 
230 
226 
226 
231 
238 
236 
238 
241 
240 
239 
237 
236 
232 
199 
136 
101 
114 
153 
170 
168 
175 
172 
170 
169 
173 
176 
185 
195 
201 
206 
206 
202 
204 
205 
187 
38 
87 
100 
102 
105 
102 
99 
72 
63 
80 
112 
113 
113 
112 
108 
100 
98 
98 
98 
98 
99 
97 
97 
108 
77 
68 
64 
33 
127 
254 
255 
255 
191 
254 
253 
252 
250 
88 
41 
67 
91 
60 
82 
176 
170 
172 
171 
193 
242 
242 
242 
239 
239 
238 
237 
236 
234 
237 
234 
235 
230 
186 
172 
133 
144 
232 
230 
229 
235 
238 
234 
235 
239 
239 
240 
220 
181 
118 
101 
134 
160 
175 
172 
174 
172 
172 
174 
172 
185 
195 
202 
207 
207 
204 
202 
204 
205 
201 
200 
185 
36 
97 
105 
106 
109 
105 
94 
55 
64 
89 
114 
114 
114 
110 
105 
106 
101 
101 
104 
105 
106 
102 
108 
89 
69 
65 
65 
31 
154 
254 
255 
255 
191 
253 
254 
253 
254 
115 
51 
56 
71 
56 
73 
170 
173 
169 
172 
177 
232 
241 
242 
238 
238 
238 
237 
236 
235 
234 
234 
233 
232 
218 
174 
169 
111 
190 
234 
231 
229 
235 
235 
236 
235 
207 
150 
108 
114 
147 
171 
175 
171 
171 
173 
173 
173 
183 
198 
208 
209 
210 
209 
208 
206 
205 
204 
204 
203 
204 
199 
171 
37 
109 
112 
116 
114 
110 
56 
55 
62 
102 
110 
114 
112 
110 
110 
110 
109 
106 
112 
111 
112 
110 
106 
70 
72 
69 
66 
25 
177 
255 
255 
255 
191 
253 
254 
253 
253 
157 
58 
60 
75 
72 
58 
179 
223 
186 
173 
169 
203 
242 
238 
241 
236 
238 
237 
236 
235 
234 
234 
233 
232 
232 
205 
172 
159 
117 
224 
229 
231 
237 
228 
183 
125 
108 
136 
165 
169 
171 
170 
174 
174 
176 
181 
193 
206 
214 
210 
207 
208 
210 
209 
208 
206 
205 
204 
204 
203 
204 
204 
138 
52 
115 
114 
115 
110 
89 
29 
56 
68 
107 
112 
113 
113 
112 
112 
112 
113 
110 
113 
111 
115 
116 
88 
70 
73 
74 
64 
27 
194 
255 
255 
255 
191 
253 
254 
253 
253 
196 
67 
71 
81 
78 
48 
160 
233 
240 
215 
185 
174 
232 
242 
243 
236 
238 
237 
236 
235 
234 
234 
233 
233 
232 
228 
192 
175 
127 
155 
232 
209 
158 
115 
119 
155 
172 
172 
169 
175 
173 
171 
181 
196 
207 
215 
216 
213 
210 
208 
209 
210 
210 
209 
208 
206 
205 
204 
204 
203 
202 
202 
89 
84 
114 
113 
120 
100 
29 
38 
63 
82 
112 
110 
111 
113 
113 
113 
113 
112 
98 
114 
113 
114 
108 
77 
72 
74 
76 
55 
42 
214 
255 
255 
255 
191 
253 
254 
253 
253 
214 
75 
80 
89 
93 
43 
145 
220 
244 
245 
234 
203 
208 
236 
241 
241 
238 
237 
236 
235 
234 
234 
233 
231 
233 
229 
222 
180 
170 
112 
129 
110 
133 
160 
174 
173 
170 
170 
177 
185 
196 
208 
216 
218 
215 
213 
214 
215 
211 
212 
212 
211 
210 
209 
208 
206 
205 
204 
204 
204 
201 
193 
57 
108 
113 
117 
98 
39 
40 
70 
62 
102 
110 
79 
103 
111 
113 
114 
115 
108 
85 
115 
115 
110 
96 
76 
75 
76 
75 
46 
59 
231 
254 
255 
255 
191 
253 
254 
253 
253 
240 
89 
84 
96 
104 
54 
120 
200 
241 
244 
244 
242 
230 
237 
237 
241 
238 
237 
236 
235 
234 
234 
233 
232 
231 
229 
228 
215 
174 
157 
150 
174 
174 
170 
170 
173 
180 
199 
215 
221 
219 
218 
217 
216 
215 
214 
214 
213 
212 
211 
210 
210 
210 
209 
208 
207 
205 
204 
204 
205 
203 
149 
57 
117 
114 
86 
35 
49 
94 
68 
73 
86 
72 
66 
114 
113 
113 
114 
116 
90 
91 
115 
114 
106 
87 
79 
76 
78 
78 
38 
82 
248 
254 
255 
255 
191 
253 
254 
253 
253 
251 
124 
75 
106 
110 
71 
92 
181 
235 
242 
243 
240 
245 
244 
240 
239 
238 
237 
236 
235 
234 
234 
233 
232 
231 
230 
229 
226 
197 
171 
167 
172 
174 
182 
200 
215 
220 
222 
220 
217 
219 
218 
217 
216 
215 
214 
214 
213 
212 
211 
210 
210 
210 
209 
208 
207 
205 
204 
204 
202 
204 
75 
97 
95 
61 
42 
78 
93 
92 
55 
67 
65 
61 
76 
115 
108 
116 
117 
105 
69 
100 
114 
118 
90 
81 
81 
83 
84 
77 
27 
124 
253 
254 
255 
255 
191 
253 
254 
253 
253 
253 
184 
50 
96 
108 
88 
67 
167 
218 
242 
240 
240 
240 
238 
241 
239 
238 
237 
236 
235 
234 
234 
233 
233 
232 
231 
229 
230 
227 
187 
179 
198 
214 
224 
225 
221 
222 
221 
219 
218 
219 
218 
217 
216 
215 
214 
214 
213 
212 
211 
210 
210 
210 
209 
208 
207 
205 
204 
204 
206 
151 
51 
83 
91 
77 
96 
94 
93 
86 
45 
65 
62 
63 
86 
114 
114 
113 
114 
80 
64 
104 
111 
96 
82 
81 
85 
86 
85 
66 
25 
176 
253 
254 
255 
255 
191 
253 
254 
254 
253 
251 
222 
67 
57 
102 
107 
56 
151 
192 
242 
242 
242 
243 
240 
241 
237 
238 
237 
236 
235 
234 
234 
233 
233 
232 
231 
230 
230 
232 
224 
224 
227 
224 
226 
225 
223 
221 
219 
220 
221 
219 
218 
217 
216 
215 
214 
214 
213 
212 
211 
210 
210 
210 
209 
208 
207 
205 
204 
204 
204 
188 
186 
199 
164 
94 
93 
89 
94 
79 
40 
65 
65 
64 
102 
115 
114 
115 
98 
66 
73 
106 
83 
79 
85 
84 
88 
87 
84 
53 
37 
208 
253 
254 
255 
255 
191 
253 
254 
254 
253 
253 
248 
108 
53 
60 
97 
67 
118 
173 
224 
238 
242 
238 
239 
239 
238 
238 
237 
236 
235 
234 
234 
233 
232 
231 
230 
229 
228 
228 
227 
226 
225 
224 
223 
223 
222 
222 
221 
220 
219 
219 
218 
217 
216 
215 
214 
214 
213 
212 
211 
210 
210 
210 
209 
208 
207 
205 
204 
204 
202 
205 
203 
195 
155 
92 
95 
95 
94 
59 
45 
65 
65 
68 
111 
115 
115 
102 
75 
68 
72 
80 
67 
82 
85 
85 
86 
89 
87 
38 
72 
238 
251 
254 
255 
255 
191 
253 
254 
254 
253 
253 
252 
181 
52 
53 
55 
66 
86 
173 
191 
240 
242 
243 
238 
237 
238 
238 
237 
236 
235 
234 
234 
233 
232 
231 
230 
229 
228 
228 
227 
226 
225 
224 
223 
223 
222 
222 
221 
220 
219 
219 
218 
217 
216 
215 
214 
214 
213 
212 
211 
210 
210 
210 
209 
208 
207 
205 
204 
204 
203 
204 
203 
196 
147 
97 
89 
95 
95 
41 
47 
66 
62 
85 
114 
115 
89 
67 
73 
79 
73 
74 
67 
81 
85 
89 
86 
88 
79 
29 
117 
252 
252 
254 
255 
255 
191 
254 
254 
254 
254 
252 
252 
232 
79 
58 
63 
57 
67 
156 
173 
202 
224 
239 
243 
240 
236 
238 
237 
236 
235 
234 
234 
233 
232 
231 
230 
229 
228 
228 
227 
226 
225 
224 
223 
223 
222 
222 
221 
220 
219 
219 
218 
217 
216 
215 
214 
214 
213 
212 
211 
210 
210 
210 
209 
208 
207 
205 
204 
204 
203 
203 
203 
196 
139 
90 
96 
96 
120 
40 
45 
67 
65 
108 
115 
94 
46 
70 
75 
78 
76 
76 
51 
77 
85 
89 
84 
88 
59 
26 
184 
254 
251 
254 
255 
255 
191 
254 
254 
254 
252 
251 
253 
250 
143 
57 
61 
62 
67 
125 
174 
172 
173 
183 
207 
226 
238 
237 
236 
236 
237 
235 
233 
233 
233 
230 
230 
229 
227 
228 
227 
226 
225 
224 
223 
223 
222 
222 
221 
220 
219 
219 
218 
217 
216 
215 
214 
214 
213 
212 
211 
210 
210 
210 
209 
208 
207 
205 
204 
204 
203 
202 
202 
194 
133 
86 
101 
143 
134 
31 
46 
62 
77 
109 
87 
52 
49 
78 
83 
82 
77 
65 
44 
85 
87 
88 
84 
87 
38 
56 
227 
254 
253 
254 
255 
255 
191 
254 
254 
254 
255 
255 
255 
254 
219 
71 
65 
65 
69 
95 
172 
174 
172 
171 
170 
173 
185 
212 
231 
233 
239 
234 
232 
232 
233 
231 
230 
230 
229 
228 
227 
226 
225 
224 
223 
223 
222 
222 
221 
220 
219 
219 
218 
217 
216 
215 
214 
214 
213 
212 
211 
210 
210 
210 
209 
208 
207 
205 
204 
204 
202 
201 
200 
193 
119 
101 
157 
189 
96 
32 
40 
66 
72 
71 
63 
51 
68 
78 
85 
81 
83 
51 
55 
87 
84 
88 
87 
67 
25 
116 
249 
250 
254 
255 
255 
255 
191 
254 
254 
254 
255 
255 
254 
254 
252 
138 
61 
69 
70 
73 
88 
125 
157 
177 
177 
170 
174 
171 
175 
190 
212 
226 
234 
234 
230 
229 
231 
230 
227 
228 
227 
226 
225 
224 
223 
223 
222 
222 
221 
220 
219 
219 
218 
217 
216 
215 
214 
214 
213 
212 
211 
210 
210 
210 
209 
208 
207 
205 
204 
204 
202 
205 
202 
188 
137 
166 
195 
192 
51 
31 
35 
66 
66 
68 
62 
48 
75 
82 
87 
87 
81 
39 
66 
88 
90 
88 
83 
43 
31 
189 
252 
253 
254 
255 
255 
255 
191 
254 
254 
254 
255 
255 
254 
254 
253 
220 
74 
71 
75 
75 
55 
20 
38 
69 
120 
158 
174 
176 
172 
173 
169 
175 
193 
215 
229 
235 
231 
230 
230 
228 
227 
226 
225 
224 
223 
223 
222 
222 
221 
220 
219 
219 
218 
217 
216 
215 
214 
214 
213 
212 
211 
210 
210 
210 
209 
208 
207 
205 
204 
204 
203 
206 
200 
182 
183 
197 
199 
157 
33 
32 
33 
59 
64 
66 
55 
54 
78 
86 
86 
84 
65 
39 
75 
86 
88 
85 
70 
26 
70 
235 
252 
252 
252 
255 
255 
255 
191 
254 
254 
254 
255 
255 
254 
254 
253 
251 
147 
67 
76 
74 
70 
30 
26 
23 
19 
35 
70 
115 
155 
171 
176 
174 
171 
174 
179 
196 
219 
228 
226 
229 
227 
225 
226 
224 
223 
223 
223 
222 
221 
220 
219 
219 
218 
217 
216 
215 
214 
214 
213 
212 
211 
210 
210 
210 
209 
208 
207 
205 
204 
204 
202 
204 
198 
199 
200 
199 
201 
100 
30 
35 
35 
50 
66 
65 
45 
64 
79 
89 
83 
77 
47 
50 
78 
86 
82 
77 
43 
25 
145 
251 
253 
250 
254 
254 
255 
255 
191 
254 
255 
255 
255 
255 
255 
255 
254 
248 
231 
92 
76 
76 
77 
42 
26 
26 
25 
25 
23 
22 
33 
63 
110 
148 
171 
174 
170 
173 
174 
180 
199 
219 
227 
224 
226 
225 
224 
224 
225 
222 
221 
220 
219 
219 
218 
217 
216 
215 
214 
214 
213 
212 
211 
210 
210 
210 
209 
208 
207 
205 
204 
204 
203 
203 
202 
201 
200 
199 
186 
51 
40 
39 
37 
38 
65 
58 
37 
76 
84 
84 
83 
71 
33 
68 
81 
89 
81 
63 
27 
47 
217 
254 
253 
253 
253 
254 
255 
255 
191 
255 
255 
255 
255 
255 
255 
255 
254 
252 
250 
188 
64 
71 
74 
67 
27 
26 
25 
25 
24 
24 
26 
24 
21 
29 
55 
108 
148 
171 
172 
169 
172 
173 
187 
203 
220 
226 
225 
223 
222 
222 
221 
220 
219 
219 
218 
217 
216 
215 
214 
214 
213 
212 
211 
210 
210 
210 
209 
208 
207 
205 
204 
204 
203 
203 
202 
201 
200 
203 
146 
31 
45 
42 
40 
30 
56 
41 
43 
81 
82 
79 
81 
52 
32 
77 
89 
81 
75 
32 
27 
120 
249 
254 
253 
253 
253 
254 
255 
255 
191 
255 
255 
255 
255 
255 
255 
255 
254 
253 
253 
248 
134 
69 
75 
74 
44 
26 
25 
25 
26 
27 
25 
28 
26 
27 
25 
22 
25 
52 
99 
143 
168 
175 
177 
171 
173 
185 
206 
219 
221 
222 
221 
220 
219 
219 
218 
217 
216 
215 
214 
214 
213 
212 
211 
210 
210 
210 
209 
208 
207 
205 
204 
204 
203 
203 
202 
201 
199 
201 
81 
45 
51 
46 
41 
24 
39 
26 
50 
83 
82 
82 
73 
30 
46 
82 
79 
81 
41 
25 
43 
206 
254 
254 
253 
253 
253 
254 
255 
255 
191 
255 
255 
255 
255 
255 
255 
255 
254 
251 
252 
249 
234 
93 
72 
79 
63 
30 
24 
26 
26 
28 
26 
24 
29 
25 
24 
24 
28 
25 
22 
28 
51 
91 
139 
168 
177 
174 
171 
178 
190 
209 
218 
222 
221 
217 
217 
218 
218 
216 
214 
214 
214 
212 
211 
210 
210 
210 
209 
208 
207 
205 
204 
204 
203 
203 
202 
201 
198 
171 
43 
56 
51 
50 
39 
23 
26 
21 
53 
83 
84 
84 
55 
23 
66 
83 
81 
49 
23 
26 
111 
247 
253 
254 
254 
253 
253 
254 
255 
255 
191 
255 
255 
255 
255 
255 
255 
255 
254 
254 
254 
253 
252 
208 
66 
74 
76 
53 
26 
28 
27 
26 
26 
26 
36 
111 
36 
19 
27 
26 
23 
24 
33 
26 
24 
43 
88 
134 
164 
175 
173 
170 
180 
194 
207 
216 
220 
217 
215 
213 
213 
213 
213 
212 
211 
210 
210 
210 
209 
208 
207 
205 
204 
204 
202 
205 
199 
201 
201 
105 
48 
57 
57 
50 
29 
26 
23 
24 
48 
86 
87 
69 
30 
32 
80 
77 
46 
23 
26 
45 
207 
248 
251 
254 
254 
254 
254 
255 
255 
255 
191 
255 
255 
255 
255 
255 
255 
255 
254 
254 
254 
253 
253 
252 
189 
55 
66 
70 
43 
24 
24 
26 
26 
26 
25 
168 
140 
31 
26 
26 
25 
24 
77 
175 
106 
54 
25 
24 
45 
81 
132 
160 
171 
174 
173 
179 
192 
209 
215 
215 
214 
214 
213 
212 
211 
210 
210 
210 
209 
208 
207 
205 
204 
204 
202 
203 
203 
203 
184 
51 
61 
59 
58 
41 
23 
26 
27 
27 
36 
79 
66 
33 
27 
53 
65 
32 
22 
24 
23 
122 
244 
250 
253 
255 
254 
254 
254 
255 
255 
255 
191 
255 
255 
255 
255 
255 
255 
255 
255 
254 
253 
253 
253 
251 
250 
164 
42 
58 
60 
34 
26 
26 
26 
26 
24 
115 
245 
156 
40 
25 
25 
25 
42 
205 
249 
224 
175 
102 
50 
18 
24 
39 
75 
126 
157 
172 
175 
174 
180 
196 
211 
215 
211 
212 
211 
210 
210 
210 
209 
208 
207 
205 
204 
204 
202 
203 
201 
206 
119 
53 
72 
64 
59 
32 
23 
27 
27 
28 
28 
38 
30 
35 
23 
31 
26 
25 
24 
23 
53 
218 
251 
253 
253 
254 
254 
254 
254 
255 
255 
255 
191 
255 
255 
255 
255 
255 
255 
255 
255 
254 
254 
254 
253 
251 
251 
248 
152 
48 
60 
53 
27 
24 
26 
26 
27 
66 
234 
248 
181 
63 
23 
29 
25 
112 
244 
248 
251 
252 
223 
171 
97 
51 
24 
25 
37 
70 
119 
160 
172 
174 
174 
183 
198 
206 
211 
210 
211 
210 
209 
208 
207 
205 
203 
202 
200 
200 
204 
188 
60 
72 
72 
69 
46 
27 
26 
27 
24 
24 
41 
36 
36 
27 
26 
23 
27 
26 
25 
27 
150 
251 
251 
253 
252 
254 
254 
254 
254 
255 
255 
255 
191 
255 
255 
255 
255 
255 
255 
255 
255 
255 
255 
255 
255 
254 
254 
254 
247 
150 
49 
63 
50 
29 
25 
24 
26 
31 
183 
248 
251 
218 
120 
42 
24 
34 
170 
253 
254 
255 
255 
255 
249 
217 
158 
87 
43 
25 
20 
34 
62 
110 
154 
172 
172 
175 
186 
199 
211 
212 
209 
208 
207 
206 
205 
203 
202 
201 
206 
126 
57 
79 
73 
66 
29 
26 
26 
26 
26 
28 
43 
44 
38 
26 
26 
26 
26 
24 
27 
81 
235 
254 
255 
255 
255 
255 
255 
255 
255 
255 
255 
255 
191 
255 
255 
255 
255 
255 
255 
255 
255 
255 
255 
255 
255 
255 
255 
255 
253 
245 
157 
56 
67 
51 
23 
30 
23 
24 
88 
242 
251 
252 
248 
207 
129 
72 
61 
193 
254 
255 
255 
255 
254 
254 
252 
247 
210 
151 
79 
42 
26 
22 
32 
60 
107 
147 
170 
172 
177 
187 
198 
206 
206 
205 
204 
204 
205 
204 
190 
58 
76 
81 
78 
45 
21 
26 
26 
26 
26 
37 
46 
49 
35 
26 
26 
26 
25 
28 
38 
191 
252 
255 
255 
255 
255 
255 
255 
255 
255 
255 
255 
255 
191 
255 
255 
255 
255 
255 
255 
255 
255 
255 
255 
255 
255 
255 
255 
255 
253 
249 
249 
174 
65 
68 
47 
28 
27 
24 
34 
173 
251 
253 
251 
252 
252 
238 
206 
213 
252 
255 
255 
255 
254 
252 
253 
253 
253 
253 
242 
205 
138 
79 
38 
26 
18 
30 
57 
99 
143 
171 
175 
179 
189 
200 
204 
205 
206 
203 
123 
59 
90 
81 
66 
23 
25 
26 
26 
26 
29 
50 
56 
48 
29 
26 
26 
26 
26 
26 
136 
246 
252 
255 
255 
255 
255 
255 
255 
255 
255 
255 
255 
255 
191 
255 
255 
255 
255 
255 
255 
255 
255 
255 
255 
255 
255 
255 
255 
255 
253 
249 
251 
252 
191 
83 
66 
42 
26 
28 
24 
62 
214 
252 
253 
249 
253 
253 
253 
254 
253 
255 
255 
255 
254 
254 
254 
251 
253 
254 
254 
253 
254 
241 
202 
135 
76 
38 
26 
23 
30 
49 
95 
140 
172 
175 
182 
187 
200 
183 
52 
90 
91 
82 
37 
23 
26 
25 
25 
26 
37 
58 
64 
39 
24 
26 
25 
25 
26 
75 
232 
252 
253 
255 
255 
255 
255 
255 
255 
255 
255 
255 
255 
255 
191 
255 
255 
255 
255 
255 
255 
255 
255 
255 
255 
255 
255 
255 
255 
255 
254 
253 
253 
254 
252 
219 
110 
69 
45 
26 
23 
28 
87 
236 
251 
251 
253 
255 
255 
255 
255 
255 
255 
255 
255 
255 
255 
255 
255 
255 
255 
255 
254 
253 
252 
250 
241 
201 
127 
70 
29 
26 
22 
22 
47 
86 
136 
168 
180 
93 
69 
96 
96 
50 
25 
22 
24 
23 
26 
26 
55 
67 
57 
26 
28 
22 
24 
24 
45 
195 
248 
253 
253 
255 
255 
255 
255 
255 
255 
255 
255 
255 
255 
255 
191 
255 
255 
255 
255 
255 
255 
255 
255 
255 
255 
255 
255 
255 
255 
255 
254 
254 
254 
254 
253 
252 
238 
149 
68 
40 
28 
24 
25 
109 
238 
249 
253 
255 
255 
255 
255 
255 
255 
255 
255 
255 
255 
255 
255 
255 
255 
255 
254 
253 
253 
252 
252 
251 
252 
233 
193 
120 
62 
29 
27 
22 
25 
43 
72 
55 
105 
100 
70 
25 
24 
23 
30 
24 
28 
38 
70 
73 
36 
26 
29 
27 
27 
31 
152 
251 
249 
253 
254 
255 
255 
255 
255 
255 
255 
255 
255 
255 
255 
255 
191 
255 
255 
255 
255 
255 
255 
255 
255 
255 
255 
255 
255 
255 
255 
255 
254 
254 
254 
254 
254 
252 
250 
246 
193 
86 
29 
27 
27 
32 
102 
226 
253 
255 
255 
255 
255 
255 
255 
255 
255 
255 
255 
255 
255 
255 
255 
255 
254 
253 
254 
254 
254 
252 
251 
251 
250 
251 
233 
188 
113 
62 
31 
23 
28 
97 
106 
86 
30 
26 
28 
26 
27 
28 
28 
64 
77 
51 
25 
29 
22 
27 
25 
119 
244 
250 
252 
254 
253 
255 
255 
255 
255 
255 
255 
255 
255 
255 
255 
255 
191 
255 
255 
255 
255 
255 
255 
255 
255 
255 
255 
255 
255 
255 
255 
255 
254 
254 
254 
254 
253 
251 
252 
252 
250 
230 
138 
43 
27 
107 
127 
91 
201 
253 
254 
254 
255 
255 
255 
255 
255 
255 
255 
255 
255 
255 
255 
255 
254 
253 
254 
254 
253 
251 
252 
253 
252 
252 
253 
252 
250 
227 
170 
44 
82 
116 
100 
35 
26 
22 
23 
26 
25 
26 
41 
82 
68 
31 
25 
26 
24 
28 
82 
233 
250 
251 
251 
252 
252 
255 
255 
255 
255 
255 
255 
255 
255 
255 
255 
255 
191 
255 
255 
255 
255 
255 
255 
255 
255 
255 
255 
255 
255 
255 
255 
255 
255 
255 
255 
255 
255 
255 
255 
255 
254 
252 
247 
205 
103 
125 
248 
200 
123 
168 
236 
253 
251 
255 
255 
255 
255 
255 
255 
255 
255 
255 
255 
255 
255 
254 
254 
254 
255 
255 
255 
255 
252 
251 
250 
250 
251 
247 
145 
76 
117 
110 
44 
25 
25 
25 
28 
25 
28 
29 
77 
85 
34 
22 
29 
21 
27 
67 
215 
253 
253 
255 
255 
255 
255 
255 
255 
255 
255 
255 
255 
255 
255 
255 
255 
255 
191 
255 
255 
255 
255 
255 
255 
255 
255 
255 
255 
255 
255 
255 
255 
255 
255 
255 
255 
255 
255 
255 
255 
255 
254 
253 
253 
253 
242 
221 
248 
250 
249 
221 
226 
250 
253 
255 
255 
255 
255 
255 
255 
255 
255 
255 
255 
255 
255 
255 
255 
255 
255 
255 
255 
255 
254 
253 
252 
250 
251 
179 
73 
122 
119 
54 
26 
25 
26 
28 
26 
25 
22 
62 
89 
47 
24 
30 
28 
24 
59 
206 
254 
251 
253 
255 
255 
255 
255 
255 
255 
255 
255 
255 
255 
255 
255 
255 
255 
255 
191 
255 
255 
255 
255 
255 
255 
255 
255 
255 
255 
255 
255 
255 
255 
255 
255 
255 
255 
255 
255 
255 
255 
255 
253 
250 
251 
252 
251 
251 
252 
249 
254 
253 
252 
251 
253 
255 
255 
255 
255 
255 
255 
255 
255 
255 
255 
255 
255 
255 
255 
255 
255 
255 
255 
255 
254 
253 
252 
250 
193 
82 
128 
121 
57 
26 
27 
25 
29 
23 
26 
24 
45 
96 
53 
22 
26 
25 
36 
55 
192 
247 
253 
253 
253 
255 
255 
255 
255 
255 
255 
255 
255 
255 
255 
255 
255 
255 
255 
255 
191 
255 
255 
255 
255 
255 
255 
255 
255 
255 
255 
255 
255 
255 
255 
255 
255 
255 
255 
255 
255 
255 
255 
255 
253 
253 
253 
253 
252 
253 
250 
253 
253 
254 
253 
253 
253 
255 
255 
255 
255 
255 
255 
255 
255 
255 
255 
255 
255 
255 
255 
255 
254 
254 
254 
254 
253 
249 
252 
196 
90 
128 
124 
52 
22 
24 
29 
21 
25 
21 
26 
32 
91 
61 
26 
24 
30 
98 
172 
186 
253 
254 
252 
251 
253 
255 
255 
255 
255 
255 
255 
255 
255 
255 
255 
255 
255 
255 
255 
255 
191 
255 
255 
255 
255 
255 
255 
255 
255 
255 
255 
255 
255 
255 
255 
255 
255 
255 
255 
255 
255 
255 
255 
255 
255 
255 
255 
255 
255 
255 
255 
255 
255 
255 
255 
255 
255 
255 
255 
255 
255 
255 
255 
255 
255 
255 
255 
255 
255 
255 
255 
255 
254 
253 
253 
248 
249 
248 
191 
92 
132 
118 
44 
23 
27 
28 
27 
24 
27 
24 
35 
87 
63 
24 
26 
33 
101 
232 
253 
251 
252 
255 
255 
255 
255 
255 
255 
255 
255 
255 
255 
255 
255 
255 
255 
255 
255 
255 
255 
255 
191 
255 
255 
255 
255 
255 
255 
255 
255 
255 
255 
255 
255 
255 
255 
255 
255 
255 
255 
255 
255 
255 
255 
255 
255 
255 
255 
255 
255 
255 
255 
255 
255 
255 
255 
255 
255 
255 
255 
255 
255 
255 
255 
255 
255 
255 
255 
255 
255 
255 
255 
255 
254 
249 
253 
250 
248 
167 
91 
137 
98 
35 
31 
26 
24 
26 
24 
25 
25 
34 
91 
63 
22 
28 
35 
128 
240 
251 
253 
253 
254 
255 
255 
255 
255 
255 
255 
255 
255 
255 
255 
255 
255 
255 
255 
255 
255 
255 
255 
255 
191 
255 
255 
255 
255 
255 
255 
255 
255 
255 
255 
255 
255 
255 
255 
255 
255 
255 
255 
255 
255 
255 
255 
255 
255 
255 
255 
255 
255 
255 
255 
255 
255 
255 
255 
255 
255 
255 
255 
255 
255 
255 
255 
255 
255 
255 
255 
255 
255 
255 
255 
255 
253 
248 
252 
238 
138 
101 
135 
76 
27 
28 
25 
21 
26 
22 
25 
21 
38 
92 
52 
25 
25 
52 
167 
244 
251 
253 
251 
251 
252 
255 
255 
255 
255 
255 
255 
255 
255 
255 
255 
255 
255 
255 
255 
255 
255 
255 
255 
255 
191 
255 
255 
255 
255 
255 
255 
255 
255 
255 
255 
255 
255 
255 
255 
255 
255 
255 
255 
255 
255 
255 
255 
255 
255 
255 
255 
255 
255 
255 
255 
255 
255 
255 
255 
255 
255 
255 
255 
255 
255 
255 
255 
255 
255 
255 
255 
255 
255 
254 
253 
254 
254 
247 
207 
102 
114 
112 
50 
20 
28 
25 
25 
26 
29 
38 
34 
52 
89 
37 
22 
34 
105 
214 
253 
253 
251 
252 
251 
252 
254 
255 
255 
255 
255 
255 
255 
255 
255 
255 
255 
255 
255 
255 
255 
255 
255 
255 
255 
255 
191 
255 
255 
255 
255 
255 
255 
255 
255 
255 
255 
255 
255 
255 
255 
255 
255 
255 
255 
255 
255 
255 
255 
255 
255 
255 
255 
255 
255 
255 
255 
255 
255 
255 
255 
255 
255 
255 
255 
255 
255 
255 
255 
255 
255 
255 
255 
255 
254 
251 
252 
252 
240 
158 
86 
105 
70 
29 
21 
30 
27 
24 
28 
58 
106 
91 
72 
70 
25 
31 
79 
183 
245 
255 
255 
255 
255 
255 
255 
255 
255 
255 
255 
255 
255 
255 
255 
255 
255 
255 
255 
255 
255 
255 
255 
255 
255 
255 
255 
255 
191 
255 
255 
255 
255 
255 
255 
255 
255 
255 
255 
255 
255 
255 
255 
255 
255 
255 
255 
255 
255 
255 
255 
255 
255 
255 
255 
255 
255 
255 
255 
255 
255 
255 
255 
255 
255 
255 
255 
255 
255 
255 
255 
255 
255 
255 
255 
255 
255 
249 
247 
200 
94 
59 
57 
31 
20 
25 
21 
38 
64 
109 
175 
163 
82 
68 
48 
34 
87 
174 
239 
250 
250 
255 
255 
255 
255 
255 
255 
255 
255 
255 
255 
255 
255 
255 
255 
255 
255 
255 
255 
255 
255 
255 
255 
255 
255 
255 
255 
255 
191 
255 
255 
255 
255 
255 
255 
255 
255 
255 
255 
255 
255 
255 
255 
255 
255 
255 
255 
255 
255 
255 
255 
255 
255 
255 
255 
255 
255 
255 
255 
255 
255 
255 
255 
255 
255 
255 
255 
255 
255 
255 
255 
255 
255 
255 
255 
255 
255 
251 
206 
98 
73 
68 
64 
74 
86 
120 
171 
203 
230 
211 
108 
43 
48 
61 
124 
200 
242 
250 
250 
252 
250 
255 
255 
255 
255 
255 
255 
255 
255 
255 
255 
255 
255 
255 
255 
255 
255 
255 
255 
255 
255 
255 
255 
255 
255 
255 
255 
255 
191 
191 
191 
191 
191 
191 
191 
191 
191 
191 
191 
191 
191 
191 
191 
191 
191 
191 
191 
191 
191 
191 
191 
191 
191 
191 
191 
191 
191 
191 
191 
191 
191 
191 
191 
191 
191 
191 
191 
191 
191 
191 
191 
191 
191 
191 
191 
191 
191 
190 
190 
187 
177 
175 
174 
181 
187 
190 
189 
188 
178 
132 
113 
74 
128 
168 
189 
187 
189 
186 
188 
190 
190 
191 
191 
191 
191 
191 
191 
191 
191 
191 
191 
191 
191 
191 
191 
191 
191 
191 
191 
191 
191 
191 
191 
191 
191 
191 
191 
191 
143 
