255 
255 
255 
255 
255 
255 
255 
255 
255 
255 
255 
255 
255 
255 
255 
255 
255 
255 
255 
255 
255 
255 
255 
255 
255 
255 
255 
255 
255 
255 
255 
253 
252 
252 
250 
248 
250 
250 
249 
216 
180 
118 
147 
248 
253 
253 
254 
254 
253 
253 
254 
254 
254 
254 
254 
255 
254 
254 
254 
254 
254 
253 
253 
253 
254 
255 
255 
255 
255 
255 
255 
255 
255 
255 
255 
255 
255 
255 
255 
255 
255 
255 
255 
255 
255 
255 
255 
255 
255 
255 
255 
255 
255 
255 
255 
255 
255 
255 
255 
191 
255 
255 
255 
255 
255 
255 
255 
255 
255 
255 
255 
255 
255 
255 
255 
255 
255 
255 
255 
255 
255 
255 
255 
255 
255 
255 
255 
255 
255 
255 
255 
254 
252 
252 
252 
251 
250 
208 
154 
110 
83 
121 
239 
249 
253 
253 
254 
254 
254 
254 
254 
254 
254 
254 
254 
254 
254 
254 
254 
254 
254 
254 
254 
254 
255 
255 
255 
255 
255 
255 
255 
255 
255 
255 
255 
255 
255 
255 
255 
255 
255 
255 
255 
255 
255 
255 
255 
255 
255 
255 
255 
255 
255 
255 
255 
255 
255 
255 
255 
191 
255 
255 
255 
255 
255 
255 
255 
255 
255 
255 
255 
255 
255 
255 
255 
255 
255 
255 
255 
255 
255 
255 
255 
255 
255 
255 
255 
255 
255 
255 
255 
254 
251 
249 
251 
224 
160 
112 
118 
85 
95 
236 
249 
251 
252 
253 
253 
253 
254 
254 
254 
254 
254 
254 
254 
254 
254 
254 
254 
254 
254 
254 
254 
254 
254 
255 
255 
255 
255 
255 
255 
255 
255 
255 
255 
255 
255 
255 
255 
255 
255 
255 
255 
255 
255 
255 
255 
255 
255 
255 
255 
255 
255 
255 
255 
255 
255 
255 
255 
191 
255 
255 
255 
255 
255 
255 
255 
255 
255 
255 
255 
255 
255 
255 
255 
255 
255 
255 
255 
255 
255 
255 
255 
255 
255 
255 
255 
254 
252 
254 
255 
252 
251 
250 
207 
125 
117 
119 
76 
91 
225 
251 
220 
203 
251 
253 
252 
253 
254 
254 
254 
254 
254 
254 
253 
254 
254 
254 
254 
254 
254 
253 
253 
253 
254 
255 
255 
254 
255 
255 
255 
255 
255 
255 
255 
255 
255 
255 
255 
255 
255 
255 
255 
255 
255 
255 
255 
255 
255 
255 
255 
255 
255 
255 
255 
255 
255 
255 
255 
191 
255 
255 
255 
255 
255 
255 
255 
255 
255 
255 
255 
255 
255 
255 
255 
255 
255 
255 
255 
255 
255 
255 
255 
255 
255 
255 
255 
254 
250 
253 
253 
251 
244 
191 
115 
133 
131 
81 
70 
214 
241 
174 
150 
238 
251 
250 
250 
252 
253 
254 
254 
254 
253 
252 
251 
251 
253 
253 
254 
254 
253 
253 
253 
252 
252 
253 
251 
254 
255 
255 
255 
255 
255 
255 
255 
255 
255 
255 
255 
255 
255 
255 
255 
255 
255 
255 
255 
255 
255 
255 
255 
255 
255 
255 
255 
255 
255 
255 
255 
191 
255 
255 
255 
255 
255 
255 
255 
255 
255 
255 
255 
255 
255 
255 
255 
255 
255 
255 
255 
255 
255 
255 
255 
255 
255 
255 
255 
255 
253 
253 
250 
238 
170 
118 
137 
122 
83 
80 
201 
201 
135 
139 
229 
212 
196 
241 
240 
229 
219 
214 
208 
206 
209 
210 
210 
211 
217 
229 
243 
251 
253 
252 
250 
252 
253 
252 
250 
254 
255 
255 
255 
255 
255 
255 
255 
255 
255 
255 
255 
255 
255 
255 
255 
255 
255 
255 
255 
255 
255 
255 
255 
255 
255 
255 
255 
255 
255 
255 
255 
191 
255 
255 
255 
255 
255 
255 
255 
255 
255 
255 
255 
255 
255 
255 
255 
255 
255 
255 
255 
255 
255 
255 
255 
255 
255 
255 
255 
254 
253 
251 
241 
170 
128 
130 
132 
105 
53 
190 
199 
120 
108 
163 
159 
102 
151 
177 
161 
143 
124 
117 
109 
103 
98 
96 
93 
90 
90 
91 
95 
102 
121 
165 
199 
221 
245 
253 
252 
251 
255 
255 
255 
255 
255 
255 
255 
255 
255 
255 
255 
255 
255 
255 
255 
255 
255 
255 
255 
255 
255 
255 
255 
255 
255 
255 
255 
255 
255 
255 
255 
191 
255 
255 
255 
255 
255 
255 
255 
255 
255 
255 
255 
255 
255 
255 
255 
254 
254 
254 
254 
255 
255 
255 
255 
254 
253 
254 
254 
254 
250 
231 
167 
135 
141 
140 
126 
77 
170 
195 
126 
93 
107 
136 
114 
99 
153 
146 
139 
133 
128 
123 
118 
113 
105 
99 
92 
87 
84 
78 
72 
67 
59 
49 
54 
68 
92 
140 
194 
226 
251 
254 
253 
253 
253 
254 
254 
254 
254 
254 
255 
255 
255 
255 
255 
255 
255 
255 
255 
255 
255 
255 
255 
255 
255 
255 
255 
255 
255 
255 
255 
191 
255 
255 
255 
255 
255 
255 
255 
255 
255 
255 
255 
255 
255 
255 
255 
254 
254 
254 
254 
254 
255 
254 
254 
254 
250 
253 
253 
252 
248 
187 
137 
143 
142 
128 
75 
129 
170 
117 
101 
128 
145 
135 
92 
129 
152 
146 
140 
134 
128 
122 
117 
111 
105 
99 
94 
89 
84 
77 
71 
65 
57 
54 
51 
49 
49 
44 
41 
67 
107 
183 
232 
249 
250 
251 
252 
251 
254 
254 
254 
254 
255 
255 
255 
255 
255 
255 
255 
255 
255 
255 
255 
255 
255 
255 
255 
255 
255 
255 
255 
191 
255 
255 
255 
255 
255 
255 
255 
255 
255 
255 
255 
255 
255 
255 
255 
254 
254 
254 
254 
254 
254 
254 
254 
254 
253 
253 
253 
251 
206 
137 
147 
147 
143 
120 
53 
98 
127 
127 
91 
158 
148 
136 
91 
122 
152 
146 
140 
134 
128 
122 
117 
111 
105 
99 
94 
89 
84 
77 
71 
69 
59 
55 
51 
53 
48 
51 
50 
46 
43 
35 
65 
141 
212 
246 
252 
248 
254 
254 
253 
253 
255 
255 
255 
255 
255 
255 
255 
255 
255 
255 
255 
255 
255 
255 
255 
255 
255 
255 
255 
191 
255 
255 
255 
255 
255 
255 
255 
255 
255 
255 
255 
255 
255 
255 
255 
254 
254 
254 
254 
254 
254 
254 
254 
253 
253 
252 
250 
225 
152 
156 
148 
149 
151 
109 
128 
154 
156 
82 
140 
156 
150 
143 
101 
96 
152 
146 
140 
134 
128 
122 
117 
111 
105 
99 
94 
89 
84 
77 
71 
65 
57 
53 
49 
47 
50 
52 
51 
51 
51 
47 
44 
35 
50 
128 
212 
249 
254 
254 
253 
253 
255 
255 
255 
255 
255 
255 
255 
255 
255 
255 
255 
255 
255 
255 
255 
255 
255 
255 
255 
191 
255 
255 
255 
255 
255 
255 
255 
255 
255 
255 
255 
255 
255 
255 
255 
254 
254 
254 
254 
253 
253 
253 
254 
253 
252 
246 
209 
160 
154 
154 
153 
152 
143 
130 
164 
161 
125 
81 
165 
156 
155 
155 
145 
143 
152 
146 
140 
134 
128 
122 
116 
111 
106 
100 
94 
88 
82 
79 
76 
77 
84 
88 
89 
90 
95 
96 
93 
90 
88 
87 
80 
69 
52 
31 
49 
138 
232 
253 
253 
253 
254 
252 
254 
254 
255 
255 
255 
255 
255 
255 
255 
255 
255 
255 
255 
255 
255 
255 
255 
191 
255 
255 
255 
255 
255 
255 
255 
255 
255 
255 
255 
255 
255 
255 
255 
254 
254 
254 
254 
253 
250 
252 
251 
245 
202 
126 
95 
154 
157 
156 
155 
154 
149 
151 
162 
149 
110 
124 
157 
155 
158 
158 
158 
156 
151 
146 
140 
135 
129 
122 
116 
111 
106 
101 
95 
90 
88 
93 
98 
100 
99 
100 
98 
96 
96 
103 
104 
107 
120 
127 
128 
123 
108 
87 
73 
43 
69 
179 
244 
251 
253 
251 
253 
253 
255 
255 
255 
255 
255 
255 
255 
255 
255 
255 
255 
255 
255 
255 
255 
191 
255 
255 
255 
255 
255 
255 
255 
255 
255 
255 
255 
255 
255 
255 
255 
254 
254 
254 
254 
253 
250 
246 
214 
129 
75 
75 
129 
158 
157 
157 
156 
155 
152 
153 
160 
157 
160 
161 
158 
159 
158 
158 
158 
156 
151 
146 
140 
135 
129 
122 
116 
110 
104 
100 
96 
95 
97 
97 
97 
96 
96 
99 
109 
113 
98 
95 
99 
106 
107 
102 
104 
105 
98 
95 
96 
91 
77 
59 
119 
231 
253 
249 
252 
253 
255 
255 
255 
255 
255 
255 
255 
255 
255 
255 
255 
255 
255 
255 
255 
191 
255 
255 
255 
255 
255 
255 
255 
255 
255 
255 
255 
255 
255 
255 
255 
255 
255 
254 
254 
253 
235 
161 
91 
86 
73 
79 
163 
156 
158 
158 
157 
160 
157 
156 
157 
157 
158 
156 
161 
158 
158 
158 
158 
156 
151 
146 
140 
135 
129 
122 
116 
109 
102 
100 
98 
98 
101 
100 
99 
100 
107 
112 
120 
117 
102 
97 
107 
123 
123 
111 
97 
99 
96 
96 
96 
99 
116 
99 
71 
95 
202 
248 
252 
252 
255 
255 
255 
255 
255 
255 
255 
255 
255 
255 
255 
251 
255 
255 
255 
191 
255 
255 
255 
255 
255 
255 
255 
255 
255 
254 
254 
254 
252 
254 
254 
254 
254 
253 
251 
204 
122 
80 
98 
109 
97 
118 
169 
158 
158 
158 
157 
157 
159 
158 
157 
156 
155 
154 
157 
158 
158 
158 
158 
157 
148 
146 
139 
135 
128 
123 
113 
106 
99 
99 
100 
96 
95 
98 
97 
96 
100 
102 
103 
100 
100 
99 
104 
107 
107 
100 
96 
136 
113 
96 
99 
102 
122 
123 
117 
83 
68 
176 
251 
254 
253 
254 
254 
254 
255 
255 
255 
255 
255 
255 
255 
255 
255 
255 
255 
191 
255 
255 
255 
255 
255 
255 
255 
255 
255 
254 
254 
253 
251 
253 
254 
253 
250 
233 
174 
102 
85 
101 
115 
112 
110 
164 
168 
157 
158 
158 
158 
158 
158 
158 
158 
157 
156 
155 
158 
161 
160 
162 
153 
143 
148 
144 
139 
134 
129 
114 
99 
96 
96 
97 
100 
96 
98 
107 
106 
99 
96 
98 
109 
115 
126 
116 
101 
94 
100 
107 
126 
165 
164 
127 
95 
105 
112 
114 
115 
103 
92 
89 
165 
247 
248 
250 
249 
253 
254 
255 
255 
255 
255 
255 
255 
255 
255 
255 
255 
191 
255 
255 
255 
255 
255 
255 
255 
251 
255 
254 
254 
254 
253 
251 
253 
251 
237 
155 
109 
92 
85 
96 
99 
93 
103 
179 
165 
154 
158 
158 
158 
158 
158 
158 
158 
158 
158 
159 
157 
158 
152 
140 
127 
146 
150 
143 
140 
133 
115 
96 
95 
95 
98 
98 
95 
105 
114 
121 
122 
114 
97 
96 
108 
108 
111 
111 
100 
95 
108 
128 
144 
151 
153 
137 
100 
96 
89 
96 
93 
91 
93 
87 
60 
150 
244 
251 
250 
253 
254 
255 
255 
255 
255 
255 
255 
255 
255 
255 
255 
191 
255 
255 
255 
255 
255 
255 
255 
255 
254 
254 
254 
254 
253 
253 
251 
219 
144 
111 
118 
82 
78 
72 
67 
70 
124 
188 
164 
154 
158 
158 
158 
158 
158 
158 
158 
157 
157 
155 
146 
135 
131 
124 
148 
161 
149 
143 
141 
116 
95 
95 
99 
98 
97 
102 
99 
99 
102 
107 
112 
111 
101 
98 
94 
98 
93 
94 
109 
150 
133 
103 
93 
97 
97 
95 
96 
100 
107 
93 
91 
93 
95 
93 
95 
75 
155 
248 
250 
252 
254 
255 
255 
255 
255 
255 
255 
255 
255 
255 
255 
191 
255 
255 
255 
255 
255 
255 
255 
254 
254 
254 
254 
253 
252 
252 
234 
147 
116 
132 
128 
110 
105 
87 
66 
80 
170 
188 
167 
158 
158 
158 
158 
158 
156 
156 
156 
148 
138 
130 
127 
125 
122 
144 
160 
157 
152 
143 
126 
96 
96 
94 
93 
97 
93 
108 
109 
95 
95 
95 
94 
96 
110 
119 
98 
93 
100 
125 
155 
179 
176 
153 
101 
98 
105 
95 
97 
117 
142 
105 
101 
100 
98 
106 
106 
85 
54 
166 
251 
249 
254 
253 
253 
254 
255 
255 
255 
255 
255 
255 
255 
191 
255 
255 
255 
255 
255 
255 
255 
254 
254 
254 
254 
253 
250 
222 
149 
117 
132 
134 
126 
105 
78 
65 
62 
88 
193 
193 
174 
157 
159 
159 
161 
158 
159 
148 
128 
121 
120 
123 
127 
126 
140 
159 
155 
160 
155 
139 
104 
94 
98 
96 
99 
105 
110 
120 
121 
112 
93 
104 
115 
120 
127 
123 
113 
102 
113 
128 
132 
133 
123 
106 
97 
97 
103 
128 
147 
152 
153 
137 
99 
98 
110 
109 
109 
108 
85 
79 
187 
252 
252 
252 
252 
252 
255 
255 
255 
255 
255 
255 
255 
191 
255 
255 
255 
255 
255 
255 
255 
255 
255 
255 
254 
252 
241 
162 
121 
115 
115 
96 
87 
72 
69 
65 
67 
157 
207 
195 
170 
155 
157 
154 
157 
150 
132 
116 
115 
115 
120 
123 
126 
142 
158 
159 
154 
159 
142 
97 
92 
94 
96 
96 
98 
102 
113 
119 
123 
120 
102 
92 
97 
108 
112 
115 
111 
92 
89 
96 
116 
89 
91 
88 
89 
115 
148 
105 
106 
132 
145 
148 
117 
92 
95 
106 
111 
107 
100 
73 
63 
214 
253 
252 
252 
255 
255 
255 
255 
255 
255 
255 
255 
191 
255 
255 
255 
255 
255 
255 
255 
254 
254 
254 
254 
242 
184 
139 
122 
101 
95 
103 
101 
79 
70 
56 
70 
212 
216 
190 
160 
157 
158 
157 
143 
116 
104 
109 
110 
112 
117 
133 
137 
158 
158 
158 
159 
144 
87 
93 
94 
92 
93 
96 
95 
93 
95 
99 
97 
93 
94 
107 
104 
91 
95 
93 
90 
99 
109 
137 
180 
133 
107 
118 
113 
156 
185 
160 
102 
90 
94 
103 
100 
92 
95 
93 
99 
111 
105 
84 
62 
95 
236 
250 
253 
253 
255 
255 
255 
255 
255 
255 
255 
191 
255 
255 
255 
255 
255 
255 
255 
254 
253 
252 
250 
208 
139 
171 
159 
147 
152 
120 
79 
66 
50 
40 
127 
223 
210 
165 
157 
158 
159 
133 
103 
102 
104 
105 
107 
113 
134 
146 
151 
158 
158 
158 
157 
138 
86 
76 
60 
53 
46 
60 
76 
89 
97 
95 
95 
101 
104 
120 
119 
104 
94 
105 
128 
157 
176 
186 
182 
166 
111 
122 
163 
181 
186 
182 
157 
94 
90 
94 
88 
95 
95 
99 
94 
92 
93 
87 
90 
64 
135 
244 
252 
253 
254 
254 
254 
254 
255 
255 
255 
191 
255 
255 
255 
255 
255 
255 
255 
254 
252 
249 
229 
152 
165 
176 
175 
155 
108 
78 
74 
40 
26 
48 
185 
216 
187 
155 
161 
152 
134 
99 
97 
99 
103 
105 
105 
127 
147 
152 
156 
159 
158 
158 
158 
157 
155 
150 
137 
119 
100 
64 
36 
30 
47 
75 
90 
99 
105 
118 
121 
123 
105 
91 
93 
101 
125 
145 
167 
162 
130 
88 
96 
115 
138 
154 
147 
99 
92 
97 
100 
100 
103 
107 
102 
92 
92 
89 
93 
75 
45 
203 
251 
253 
253 
253 
253 
254 
255 
255 
255 
191 
255 
255 
255 
255 
255 
255 
255 
254 
252 
234 
172 
153 
176 
167 
134 
97 
85 
69 
43 
23 
25 
60 
213 
210 
165 
157 
162 
141 
94 
95 
92 
96 
99 
103 
113 
152 
152 
154 
157 
158 
158 
158 
158 
156 
149 
139 
136 
136 
129 
127 
108 
77 
37 
23 
38 
68 
92 
96 
100 
105 
97 
90 
89 
117 
121 
88 
91 
97 
91 
93 
104 
97 
88 
89 
91 
91 
99 
100 
98 
108 
107 
109 
107 
97 
91 
93 
92 
89 
54 
91 
241 
252 
254 
253 
254 
254 
255 
255 
255 
191 
255 
255 
255 
255 
255 
255 
255 
254 
250 
208 
134 
158 
144 
116 
96 
91 
82 
40 
24 
25 
25 
73 
223 
211 
159 
155 
156 
106 
83 
88 
88 
77 
89 
108 
145 
160 
157 
158 
158 
158 
158 
158 
158 
156 
150 
146 
142 
138 
133 
126 
117 
114 
104 
67 
32 
25 
46 
82 
91 
93 
101 
98 
94 
149 
177 
129 
96 
107 
94 
98 
118 
116 
98 
97 
96 
96 
107 
105 
91 
93 
100 
106 
105 
106 
91 
93 
82 
91 
86 
69 
175 
253 
253 
254 
254 
254 
255 
255 
255 
191 
255 
255 
255 
254 
254 
255 
255 
252 
239 
155 
123 
113 
111 
111 
111 
80 
61 
26 
20 
20 
20 
91 
222 
208 
156 
159 
134 
81 
86 
52 
19 
10 
17 
93 
164 
162 
159 
159 
158 
158 
158 
158 
158 
160 
151 
143 
138 
139 
126 
122 
117 
112 
104 
103 
85 
49 
21 
35 
73 
92 
97 
137 
168 
175 
173 
161 
108 
103 
123 
127 
128 
125 
110 
97 
110 
109 
109 
114 
103 
89 
92 
92 
95 
93 
90 
89 
69 
78 
93 
77 
77 
238 
252 
253 
253 
252 
255 
255 
255 
191 
255 
255 
255 
254 
253 
254 
254 
244 
200 
148 
120 
114 
126 
141 
91 
127 
185 
164 
141 
103 
72 
116 
226 
201 
156 
152 
103 
70 
41 
6 
21 
40 
19 
89 
169 
159 
158 
158 
158 
158 
158 
158 
158 
156 
151 
146 
140 
135 
128 
122 
117 
111 
105 
99 
94 
83 
54 
23 
30 
70 
88 
91 
113 
156 
172 
168 
128 
89 
98 
118 
130 
125 
124 
97 
94 
102 
110 
113 
111 
95 
90 
90 
90 
89 
88 
83 
60 
72 
88 
82 
49 
174 
252 
248 
253 
252 
255 
255 
255 
191 
255 
255 
255 
254 
252 
251 
253 
230 
164 
170 
151 
158 
170 
107 
87 
173 
200 
198 
201 
200 
202 
198 
222 
205 
160 
146 
86 
64 
7 
42 
97 
142 
77 
104 
174 
157 
158 
158 
158 
158 
158 
158 
158 
156 
151 
146 
140 
135 
128 
122 
117 
111 
105 
99 
94 
90 
85 
54 
21 
33 
70 
92 
87 
93 
108 
113 
91 
84 
88 
91 
104 
119 
120 
98 
93 
94 
98 
103 
107 
97 
90 
90 
90 
89 
91 
87 
57 
63 
92 
86 
73 
89 
243 
250 
253 
251 
254 
255 
255 
191 
255 
255 
255 
255 
252 
251 
252 
212 
155 
174 
174 
163 
119 
97 
99 
112 
202 
197 
199 
198 
197 
203 
218 
208 
160 
140 
79 
52 
20 
125 
22 
74 
93 
135 
165 
155 
158 
158 
158 
158 
158 
158 
158 
156 
151 
146 
140 
135 
128 
122 
117 
111 
105 
99 
94 
89 
84 
72 
53 
23 
28 
75 
99 
90 
88 
92 
99 
94 
92 
89 
87 
90 
94 
88 
89 
87 
86 
88 
94 
90 
90 
90 
90 
89 
90 
84 
55 
57 
83 
86 
78 
77 
196 
250 
252 
251 
254 
255 
255 
191 
254 
254 
254 
254 
253 
253 
248 
169 
167 
173 
174 
132 
97 
106 
163 
106 
154 
202 
197 
199 
199 
204 
216 
205 
158 
143 
74 
50 
26 
65 
11 
53 
101 
176 
162 
160 
156 
158 
158 
159 
160 
161 
162 
161 
154 
146 
139 
135 
127 
122 
117 
113 
105 
98 
94 
86 
83 
77 
75 
47 
23 
41 
95 
123 
97 
82 
108 
116 
86 
88 
94 
93 
92 
92 
92 
89 
88 
87 
90 
89 
89 
89 
89 
89 
88 
79 
53 
55 
70 
83 
58 
76 
117 
249 
250 
253 
254 
255 
255 
191 
253 
254 
254 
253 
252 
252 
226 
146 
169 
161 
130 
100 
92 
139 
175 
144 
87 
194 
200 
198 
199 
201 
211 
207 
155 
148 
79 
60 
23 
86 
78 
120 
167 
181 
158 
160 
157 
163 
154 
130 
107 
95 
92 
97 
104 
119 
131 
134 
128 
125 
120 
113 
107 
104 
95 
87 
81 
76 
68 
57 
38 
25 
46 
116 
157 
139 
152 
151 
89 
90 
89 
88 
89 
89 
89 
88 
88 
88 
88 
88 
89 
88 
88 
87 
86 
82 
51 
53 
63 
82 
57 
63 
67 
226 
252 
252 
255 
255 
255 
191 
253 
254 
254 
253 
253 
245 
190 
128 
130 
117 
113 
100 
102 
165 
172 
164 
115 
122 
199 
200 
199 
198 
198 
209 
155 
148 
84 
62 
42 
87 
134 
184 
193 
169 
152 
162 
158 
106 
54 
48 
61 
74 
77 
69 
65 
61 
61 
62 
62 
64 
65 
64 
64 
65 
54 
47 
43 
33 
26 
23 
21 
25 
27 
69 
107 
172 
176 
158 
99 
89 
86 
89 
89 
89 
89 
88 
87 
87 
87 
88 
88 
87 
87 
87 
87 
75 
50 
52 
58 
85 
63 
52 
53 
173 
252 
253 
255 
255 
255 
191 
254 
254 
254 
254 
254 
232 
157 
127 
117 
112 
121 
99 
125 
170 
168 
175 
167 
99 
169 
199 
197 
194 
195 
205 
160 
145 
92 
84 
146 
201 
199 
197 
190 
159 
154 
124 
64 
65 
112 
126 
128 
126 
124 
125 
126 
123 
120 
118 
110 
92 
92 
90 
55 
28 
23 
22 
24 
26 
27 
25 
21 
23 
23 
41 
86 
112 
169 
168 
119 
84 
86 
90 
89 
89 
89 
88 
86 
86 
86 
87 
87 
86 
86 
86 
88 
67 
48 
51 
53 
81 
66 
50 
61 
108 
251 
252 
255 
255 
255 
191 
254 
254 
254 
253 
251 
224 
136 
123 
117 
128 
116 
103 
156 
173 
172 
171 
172 
143 
91 
193 
197 
197 
207 
194 
160 
159 
121 
125 
198 
194 
190 
174 
160 
142 
92 
46 
87 
138 
135 
131 
133 
130 
129 
128 
127 
124 
122 
133 
155 
184 
204 
211 
200 
160 
114 
66 
47 
39 
28 
21 
21 
24 
29 
32 
66 
86 
99 
148 
124 
81 
86 
90 
89 
88 
90 
87 
85 
82 
86 
87 
86 
86 
84 
80 
86 
59 
48 
50 
51 
76 
65 
51 
57 
75 
231 
253 
255 
255 
255 
191 
254 
254 
254 
254 
252 
207 
127 
127 
130 
128 
104 
103 
168 
171 
173 
172 
172 
162 
106 
128 
196 
203 
243 
207 
162 
161 
155 
165 
163 
157 
158 
159 
134 
58 
57 
124 
142 
141 
139 
138 
138 
134 
131 
131 
129 
141 
171 
207 
213 
211 
210 
209 
205 
205 
207 
175 
127 
88 
87 
73 
61 
49 
39 
24 
36 
84 
88 
91 
91 
85 
87 
91 
88 
85 
95 
88 
85 
70 
86 
88 
81 
88 
82 
57 
67 
53 
57 
52 
52 
73 
65 
53 
57 
75 
198 
254 
254 
255 
255 
191 
254 
254 
254 
254 
252 
173 
130 
132 
134 
122 
91 
122 
173 
172 
173 
174 
172 
178 
166 
97 
176 
218 
215 
184 
210 
173 
135 
156 
158 
161 
157 
100 
45 
97 
146 
145 
146 
145 
143 
148 
145 
138 
137 
141 
170 
208 
217 
214 
213 
212 
211 
210 
208 
207 
204 
202 
205 
161 
102 
93 
96 
96 
95 
66 
26 
67 
90 
86 
87 
91 
93 
86 
87 
86 
99 
89 
88 
75 
81 
83 
73 
89 
83 
48 
55 
58 
63 
58 
58 
73 
68 
62 
59 
70 
147 
252 
254 
255 
255 
191 
254 
254 
254 
253 
245 
151 
131 
130 
128 
111 
88 
143 
172 
171 
171 
172 
173 
170 
173 
136 
100 
208 
142 
167 
192 
121 
83 
146 
147 
97 
54 
82 
142 
158 
151 
152 
151 
149 
148 
146 
143 
141 
144 
196 
221 
221 
214 
215 
214 
213 
211 
211 
211 
209 
207 
203 
201 
205 
182 
115 
90 
98 
94 
89 
41 
40 
89 
84 
86 
90 
96 
86 
86 
87 
103 
91 
88 
78 
62 
66 
61 
85 
78 
51 
61 
66 
65 
64 
66 
69 
71 
66 
65 
61 
99 
248 
254 
255 
255 
191 
254 
254 
254 
253 
232 
143 
131 
129 
121 
97 
90 
158 
169 
171 
171 
169 
171 
173 
175 
155 
110 
209 
194 
189 
120 
81 
62 
45 
39 
78 
139 
164 
157 
158 
158 
156 
154 
153 
151 
151 
149 
155 
193 
223 
222 
219 
218 
221 
215 
214 
212 
211 
211 
210 
208 
205 
204 
204 
202 
182 
122 
90 
93 
89 
67 
29 
78 
89 
86 
87 
99 
90 
85 
88 
104 
86 
85 
79 
49 
52 
54 
78 
70 
55 
64 
70 
71 
76 
71 
69 
73 
72 
69 
64 
76 
239 
254 
255 
255 
191 
253 
254 
253 
251 
217 
134 
127 
130 
109 
92 
91 
167 
171 
175 
171 
171 
174 
190 
169 
170 
173 
208 
201 
144 
84 
82 
113 
143 
158 
167 
165 
161 
164 
162 
161 
160 
159 
158 
157 
155 
152 
184 
225 
220 
223 
222 
220 
219 
217 
216 
214 
213 
213 
211 
210 
208 
206 
204 
203 
204 
195 
116 
92 
92 
86 
34 
60 
87 
84 
90 
106 
101 
88 
90 
103 
62 
71 
80 
55 
51 
50 
59 
55 
50 
65 
76 
75 
78 
77 
75 
74 
80 
76 
69 
56 
218 
254 
255 
255 
191 
253 
254 
253 
247 
203 
132 
113 
111 
99 
87 
95 
172 
172 
169 
172 
181 
217 
230 
190 
166 
177 
199 
178 
91 
81 
165 
215 
217 
203 
175 
175 
168 
168 
167 
166 
164 
164 
162 
161 
160 
164 
215 
227 
224 
224 
223 
222 
220 
219 
217 
216 
215 
213 
212 
211 
209 
207 
205 
204 
200 
199 
179 
104 
91 
96 
54 
35 
85 
82 
88 
100 
108 
92 
89 
97 
49 
49 
76 
51 
51 
52 
50 
50 
54 
66 
82 
81 
83 
83 
78 
71 
85 
85 
77 
48 
202 
255 
255 
255 
191 
253 
254 
253 
242 
180 
128 
99 
101 
93 
81 
94 
171 
170 
168 
171 
211 
241 
237 
230 
176 
172 
181 
137 
93 
179 
218 
218 
215 
208 
176 
174 
177 
174 
172 
171 
170 
169 
168 
166 
168 
193 
229 
224 
227 
226 
225 
223 
222 
221 
219 
218 
216 
214 
213 
211 
210 
207 
206 
205 
203 
200 
200 
170 
92 
92 
77 
29 
86 
87 
85 
98 
107 
103 
94 
78 
48 
50 
66 
52 
49 
48 
51 
50 
49 
67 
88 
89 
89 
90 
82 
69 
89 
87 
83 
50 
184 
255 
255 
255 
191 
253 
253 
253 
237 
162 
121 
88 
100 
90 
79 
92 
170 
172 
175 
204 
241 
240 
241 
242 
217 
169 
163 
106 
100 
202 
215 
214 
217 
210 
180 
180 
178 
178 
176 
175 
174 
174 
172 
171 
184 
224 
232 
231 
230 
227 
226 
225 
223 
222 
220 
219 
217 
215 
214 
212 
211 
208 
207 
205 
204 
200 
200 
202 
142 
92 
85 
31 
77 
103 
96 
106 
109 
111 
96 
60 
51 
58 
59 
53 
54 
56 
55 
55 
55 
66 
94 
95 
94 
94 
83 
66 
95 
96 
87 
51 
160 
255 
255 
255 
191 
253 
253 
253 
233 
148 
114 
71 
91 
85 
79 
92 
169 
171 
186 
230 
241 
241 
240 
240 
232 
196 
161 
139 
135 
138 
218 
218 
220 
217 
188 
185 
184 
182 
180 
179 
178 
179 
175 
175 
203 
232 
232 
231 
230 
229 
227 
226 
224 
223 
221 
220 
219 
217 
215 
213 
211 
209 
207 
205 
203 
202 
200 
197 
184 
110 
86 
48 
52 
110 
109 
108 
109 
111 
84 
53 
51 
57 
63 
59 
62 
61 
60 
60 
56 
65 
103 
102 
100 
100 
77 
61 
102 
101 
94 
54 
136 
254 
255 
255 
191 
253 
253 
253 
228 
134 
108 
70 
64 
83 
78 
86 
161 
166 
196 
243 
240 
241 
240 
240 
238 
233 
186 
173 
161 
106 
181 
216 
220 
219 
198 
188 
193 
186 
185 
184 
183 
181 
178 
184 
227 
234 
233 
232 
231 
230 
229 
227 
226 
224 
222 
221 
219 
218 
216 
213 
211 
210 
208 
205 
204 
204 
202 
199 
195 
154 
89 
66 
38 
106 
110 
112 
108 
109 
69 
54 
53 
59 
66 
68 
68 
68 
67 
66 
62 
69 
107 
105 
106 
111 
63 
58 
108 
107 
101 
52 
117 
254 
255 
255 
191 
253 
253 
253 
223 
119 
99 
76 
45 
82 
82 
82 
147 
168 
211 
245 
242 
241 
240 
240 
240 
242 
219 
173 
175 
155 
118 
211 
221 
223 
208 
192 
193 
192 
190 
189 
188 
186 
189 
208 
236 
235 
235 
234 
233 
232 
230 
229 
227 
224 
223 
222 
220 
219 
216 
214 
212 
211 
209 
206 
205 
206 
205 
197 
200 
180 
99 
80 
35 
86 
111 
107 
108 
92 
60 
57 
58 
61 
70 
78 
74 
76 
75 
74 
70 
73 
111 
110 
109 
100 
51 
58 
109 
110 
101 
52 
106 
254 
255 
255 
191 
253 
254 
253 
219 
110 
92 
84 
39 
77 
95 
89 
123 
172 
223 
242 
244 
241 
240 
240 
238 
238 
232 
206 
166 
174 
141 
152 
222 
224 
216 
195 
197 
196 
194 
193 
192 
193 
194 
229 
237 
237 
236 
235 
234 
233 
231 
230 
228 
225 
224 
222 
221 
219 
217 
215 
214 
211 
211 
207 
204 
203 
197 
173 
119 
86 
97 
86 
25 
59 
103 
108 
99 
71 
64 
63 
62 
62 
73 
84 
80 
81 
80 
81 
74 
76 
114 
114 
108 
77 
48 
59 
105 
111 
94 
51 
104 
254 
255 
255 
191 
253 
254 
254 
216 
100 
90 
88 
40 
51 
91 
92 
117 
168 
227 
245 
242 
241 
240 
240 
239 
240 
234 
234 
190 
169 
158 
107 
196 
223 
220 
206 
200 
200 
198 
197 
196 
195 
206 
243 
239 
239 
237 
236 
235 
234 
232 
230 
228 
227 
225 
223 
221 
220 
218 
213 
213 
212 
211 
207 
191 
158 
107 
93 
109 
142 
157 
98 
34 
53 
80 
96 
80 
65 
70 
69 
65 
60 
79 
88 
87 
87 
86 
90 
76 
80 
114 
114 
97 
54 
51 
58 
109 
114 
82 
48 
101 
254 
255 
255 
191 
253 
254 
254 
213 
93 
93 
94 
59 
35 
100 
106 
120 
158 
227 
240 
241 
241 
240 
240 
238 
238 
234 
239 
223 
175 
172 
147 
123 
222 
223 
216 
204 
204 
203 
202 
200 
198 
228 
241 
238 
240 
239 
237 
236 
235 
232 
230 
228 
227 
225 
223 
221 
220 
217 
218 
215 
215 
179 
136 
96 
94 
130 
158 
171 
174 
162 
116 
40 
59 
78 
75 
71 
72 
75 
72 
67 
62 
85 
95 
92 
94 
94 
95 
79 
88 
111 
112 
68 
52 
55 
61 
115 
111 
71 
50 
99 
254 
255 
255 
191 
253 
253 
254 
211 
86 
90 
94 
75 
34 
130 
118 
127 
144 
218 
240 
241 
241 
240 
240 
238 
237 
235 
233 
232 
212 
171 
177 
130 
165 
229 
228 
214 
210 
208 
207 
206 
211 
239 
241 
241 
242 
241 
239 
238 
235 
233 
231 
229 
227 
225 
223 
221 
219 
219 
207 
163 
118 
94 
109 
146 
169 
172 
169 
173 
171 
168 
139 
39 
56 
80 
80 
79 
80 
80 
76 
69 
63 
92 
103 
98 
101 
103 
100 
80 
90 
109 
83 
64 
65 
64 
70 
112 
101 
62 
48 
95 
254 
255 
255 
191 
252 
253 
254 
208 
75 
92 
90 
80 
40 
130 
154 
137 
135 
199 
243 
241 
241 
240 
240 
239 
238 
234 
236 
237 
237 
197 
173 
154 
108 
205 
226 
218 
214 
212 
211 
213 
225 
239 
242 
244 
243 
241 
240 
239 
235 
233 
233 
229 
227 
224 
225 
223 
201 
146 
104 
101 
128 
158 
174 
173 
171 
172 
171 
169 
171 
175 
157 
42 
59 
85 
89 
85 
86 
83 
80 
69 
64 
99 
109 
105 
108 
109 
103 
85 
98 
93 
70 
74 
73 
70 
86 
111 
89 
61 
45 
99 
254 
255 
255 
191 
253 
254 
254 
208 
60 
87 
91 
86 
60 
122 
172 
152 
134 
159 
232 
239 
241 
240 
240 
239 
238 
237 
236 
235 
234 
224 
182 
170 
140 
133 
229 
228 
219 
214 
214 
220 
233 
242 
245 
243 
242 
240 
239 
238 
235 
234 
234 
227 
230 
218 
183 
133 
96 
115 
149 
169 
175 
174 
172 
171 
172 
172 
172 
174 
184 
192 
176 
50 
62 
92 
92 
90 
92 
89 
90 
62 
64 
111 
113 
113 
114 
112 
101 
87 
89 
86 
82 
80 
80 
79 
94 
105 
71 
62 
44 
102 
255 
255 
255 
191 
253 
254 
253 
212 
61 
72 
90 
91 
71 
106 
170 
172 
159 
149 
183 
244 
241 
240 
240 
239 
238 
237 
236 
235 
231 
233 
216 
174 
171 
135 
180 
230 
224 
219 
219 
225 
236 
239 
242 
242 
241 
239 
238 
238 
235 
235 
236 
208 
165 
114 
100 
132 
160 
172 
173 
171 
168 
172 
172 
172 
176 
183 
194 
203 
201 
204 
184 
50 
74 
95 
97 
98 
99 
96 
89 
61 
72 
111 
113 
113 
114 
111 
97 
94 
93 
91 
89 
88 
88 
94 
103 
96 
64 
60 
41 
111 
254 
255 
255 
191 
253 
253 
252 
220 
78 
47 
84 
91 
67 
94 
175 
173 
173 
174 
200 
243 
241 
240 
240 
239 
238 
237 
236 
235 
234 
235 
233 
202 
170 
155 
112 
216 
230 
226 
226 
231 
238 
236 
238 
240 
240 
239 
237 
239 
232 
190 
136 
104 
114 
151 
170 
169 
175 
172 
170 
169 
173 
176 
185 
195 
201 
206 
206 
203 
204 
206 
187 
47 
87 
99 
102 
104 
102 
95 
72 
65 
80 
113 
113 
113 
112 
107 
100 
98 
98 
98 
98 
98 
97 
100 
108 
77 
68 
60 
33 
127 
254 
255 
255 
191 
254 
253 
252 
222 
88 
47 
67 
86 
60 
83 
176 
171 
172 
171 
193 
242 
242 
242 
239 
239 
238 
237 
236 
237 
237 
234 
235 
226 
186 
167 
133 
144 
232 
230 
229 
234 
238 
234 
235 
239 
239 
240 
220 
177 
118 
106 
134 
161 
175 
173 
174 
172 
172 
172 
172 
190 
195 
202 
207 
207 
204 
202 
204 
205 
201 
203 
185 
46 
97 
104 
106 
109 
105 
92 
55 
72 
89 
114 
114 
113 
110 
105 
106 
101 
101 
104 
105 
104 
102 
106 
89 
68 
65 
59 
31 
154 
254 
255 
255 
191 
253 
254 
253 
231 
115 
51 
56 
71 
56 
72 
170 
172 
169 
173 
177 
232 
241 
241 
238 
238 
238 
237 
236 
235 
234 
233 
233 
233 
218 
172 
169 
128 
190 
237 
231 
230 
235 
235 
236 
234 
207 
146 
108 
116 
147 
170 
175 
171 
171 
173 
173 
175 
183 
198 
208 
209 
210 
209 
208 
206 
205 
204 
204 
203 
204 
202 
171 
40 
109 
113 
116 
113 
110 
61 
55 
68 
102 
110 
114 
112 
110 
110 
110 
109 
106 
112 
111 
112 
110 
104 
70 
73 
69 
63 
25 
177 
255 
255 
255 
191 
253 
254 
253 
242 
157 
57 
60 
75 
72 
62 
179 
219 
186 
172 
169 
203 
242 
239 
241 
236 
238 
237 
236 
235 
234 
233 
233 
232 
232 
206 
172 
153 
117 
225 
229 
232 
237 
224 
183 
127 
108 
137 
165 
169 
171 
171 
174 
174 
176 
182 
193 
206 
214 
210 
207 
208 
210 
209 
208 
206 
205 
204 
204 
203 
204 
198 
138 
52 
115 
113 
115 
110 
89 
30 
56 
70 
107 
112 
113 
113 
112 
112 
112 
112 
110 
114 
111 
116 
116 
88 
70 
73 
74 
64 
27 
194 
255 
255 
255 
191 
253 
254 
253 
252 
196 
68 
71 
82 
78 
56 
160 
234 
240 
213 
185 
177 
232 
243 
243 
236 
238 
237 
236 
235 
234 
233 
233 
232 
232 
223 
192 
172 
127 
154 
232 
202 
158 
118 
119 
154 
172 
172 
169 
174 
173 
172 
181 
197 
207 
214 
216 
213 
210 
208 
209 
210 
210 
209 
208 
206 
205 
204 
204 
203 
202 
182 
89 
83 
114 
114 
120 
93 
29 
39 
63 
81 
112 
111 
111 
113 
113 
113 
113 
109 
98 
115 
113 
113 
108 
77 
72 
74 
76 
56 
42 
214 
255 
255 
255 
191 
253 
253 
253 
253 
214 
73 
80 
92 
93 
58 
145 
220 
244 
244 
234 
209 
208 
238 
241 
241 
238 
237 
236 
235 
234 
233 
233 
234 
233 
229 
222 
181 
170 
112 
129 
113 
133 
160 
174 
173 
170 
170 
177 
186 
196 
208 
216 
218 
215 
213 
214 
215 
211 
212 
212 
211 
210 
209 
208 
206 
205 
204 
204 
202 
201 
176 
57 
108 
113 
116 
98 
37 
40 
68 
62 
102 
110 
85 
103 
111 
113 
114 
115 
104 
85 
115 
115 
108 
96 
75 
75 
75 
75 
46 
59 
231 
254 
255 
255 
191 
253 
253 
253 
252 
240 
90 
84 
98 
104 
66 
120 
199 
241 
243 
244 
241 
230 
237 
237 
241 
238 
237 
236 
235 
234 
233 
233 
232 
231 
229 
228 
214 
174 
158 
150 
174 
174 
170 
170 
174 
180 
200 
215 
221 
219 
218 
217 
216 
215 
214 
214 
213 
212 
211 
210 
210 
210 
209 
208 
207 
205 
204 
204 
201 
203 
151 
57 
119 
114 
81 
35 
52 
94 
69 
73 
85 
72 
71 
114 
114 
113 
115 
116 
95 
91 
114 
114 
106 
87 
79 
76 
77 
78 
39 
82 
249 
254 
255 
255 
191 
253 
254 
253 
253 
251 
131 
75 
104 
110 
77 
92 
184 
235 
242 
243 
240 
245 
243 
240 
239 
238 
237 
236 
235 
234 
233 
233 
232 
231 
230 
229 
223 
197 
170 
167 
171 
174 
185 
200 
214 
220 
222 
220 
217 
219 
218 
217 
216 
215 
214 
214 
213 
212 
211 
210 
210 
210 
209 
208 
207 
205 
204 
204 
207 
204 
87 
97 
91 
61 
48 
78 
92 
92 
55 
67 
65 
61 
77 
115 
110 
116 
116 
105 
74 
100 
114 
118 
90 
81 
81 
83 
84 
77 
37 
124 
253 
254 
255 
255 
191 
253 
254 
253 
253 
253 
184 
50 
96 
108 
88 
67 
175 
218 
244 
240 
241 
240 
239 
241 
239 
238 
237 
236 
235 
234 
233 
233 
233 
232 
231 
229 
230 
227 
187 
179 
198 
214 
224 
225 
221 
222 
221 
219 
218 
219 
218 
217 
216 
215 
214 
214 
213 
212 
211 
210 
210 
210 
209 
208 
207 
205 
204 
204 
199 
151 
50 
83 
89 
77 
95 
94 
93 
86 
44 
65 
63 
63 
85 
114 
114 
113 
109 
80 
68 
104 
110 
96 
82 
81 
85 
86 
84 
66 
48 
176 
253 
254 
255 
255 
191 
253 
254 
254 
253 
251 
212 
67 
60 
102 
103 
56 
156 
192 
241 
242 
243 
243 
241 
241 
237 
238 
237 
236 
235 
234 
233 
233 
232 
232 
231 
230 
229 
232 
224 
224 
227 
224 
226 
225 
223 
221 
219 
220 
221 
219 
218 
217 
216 
215 
214 
214 
213 
212 
211 
210 
210 
210 
209 
208 
207 
205 
204 
204 
203 
188 
189 
199 
161 
94 
93 
89 
97 
79 
40 
65 
66 
64 
102 
115 
113 
115 
96 
66 
76 
106 
86 
79 
85 
84 
88 
87 
79 
53 
62 
208 
253 
254 
255 
255 
191 
253 
254 
254 
253 
253 
225 
108 
51 
60 
89 
67 
115 
173 
222 
238 
242 
238 
239 
239 
238 
238 
237 
236 
235 
234 
233 
233 
232 
231 
230 
229 
228 
228 
227 
226 
225 
224 
223 
223 
222 
222 
221 
220 
219 
219 
218 
217 
216 
215 
214 
214 
213 
212 
211 
210 
210 
210 
209 
208 
207 
205 
204 
204 
203 
205 
203 
195 
154 
92 
95 
95 
90 
59 
45 
65 
66 
68 
112 
115 
112 
102 
74 
68 
72 
80 
70 
82 
85 
85 
85 
89 
78 
38 
78 
238 
251 
254 
255 
255 
191 
253 
254 
254 
253 
253 
249 
181 
52 
53 
58 
66 
88 
173 
193 
240 
241 
243 
238 
237 
238 
238 
237 
236 
235 
234 
233 
233 
232 
231 
230 
229 
228 
228 
227 
226 
225 
224 
223 
223 
222 
222 
221 
220 
219 
219 
218 
217 
216 
215 
214 
214 
213 
212 
211 
210 
210 
210 
209 
208 
207 
205 
204 
204 
203 
204 
202 
196 
149 
97 
91 
95 
85 
41 
46 
66 
64 
85 
114 
115 
91 
67 
74 
79 
74 
74 
68 
81 
86 
89 
86 
88 
77 
29 
117 
252 
252 
254 
255 
255 
191 
254 
254 
254 
253 
252 
253 
232 
79 
58 
61 
57 
77 
156 
177 
202 
224 
239 
242 
240 
236 
238 
237 
236 
236 
234 
233 
233 
232 
231 
230 
229 
228 
228 
227 
226 
225 
224 
223 
223 
222 
222 
221 
220 
219 
219 
218 
217 
216 
215 
214 
214 
213 
212 
211 
210 
210 
210 
209 
208 
207 
205 
204 
204 
203 
203 
202 
196 
139 
90 
95 
96 
111 
40 
44 
67 
72 
108 
113 
94 
48 
70 
75 
78 
76 
76 
52 
77 
86 
89 
86 
88 
58 
26 
184 
254 
251 
254 
255 
255 
191 
254 
254 
254 
254 
251 
252 
250 
146 
57 
60 
62 
79 
125 
172 
172 
174 
183 
208 
226 
238 
237 
236 
236 
237 
235 
233 
233 
233 
230 
230 
229 
227 
228 
227 
226 
225 
224 
223 
223 
222 
222 
221 
220 
219 
219 
218 
217 
216 
215 
214 
214 
213 
212 
211 
210 
210 
210 
209 
208 
207 
205 
204 
204 
203 
202 
201 
194 
133 
86 
107 
143 
133 
31 
45 
62 
77 
109 
86 
52 
50 
78 
83 
82 
76 
65 
46 
85 
86 
88 
86 
87 
40 
56 
227 
254 
253 
254 
255 
255 
191 
254 
254 
254 
255 
255 
255 
254 
212 
71 
67 
65 
70 
95 
171 
174 
176 
171 
170 
173 
188 
212 
229 
233 
239 
234 
232 
232 
233 
231 
231 
230 
229 
228 
227 
226 
225 
224 
223 
223 
222 
222 
221 
220 
219 
219 
218 
217 
216 
215 
214 
214 
213 
212 
211 
210 
210 
210 
209 
208 
207 
205 
204 
204 
202 
201 
199 
193 
121 
101 
157 
189 
99 
32 
41 
66 
71 
71 
60 
51 
69 
78 
85 
81 
80 
51 
56 
87 
85 
88 
86 
67 
33 
116 
249 
250 
254 
255 
255 
255 
191 
254 
254 
254 
255 
255 
254 
254 
235 
138 
64 
69 
67 
73 
94 
125 
158 
177 
177 
170 
175 
171 
177 
190 
212 
226 
233 
234 
230 
229 
231 
230 
227 
228 
227 
226 
225 
224 
223 
223 
222 
222 
221 
220 
219 
219 
218 
217 
216 
215 
214 
214 
213 
212 
211 
210 
210 
210 
209 
208 
207 
205 
204 
204 
203 
205 
200 
188 
140 
166 
198 
192 
52 
31 
37 
66 
66 
68 
58 
48 
75 
82 
87 
87 
75 
39 
68 
88 
90 
88 
78 
43 
57 
189 
252 
253 
254 
255 
255 
255 
191 
254 
254 
254 
255 
255 
254 
254 
253 
220 
72 
71 
76 
75 
53 
20 
42 
69 
121 
158 
175 
176 
172 
173 
169 
175 
195 
215 
229 
235 
231 
230 
230 
228 
227 
226 
225 
224 
223 
223 
222 
222 
221 
220 
219 
219 
218 
217 
216 
215 
214 
214 
213 
212 
211 
210 
210 
210 
209 
208 
207 
205 
204 
204 
203 
206 
196 
182 
183 
197 
197 
157 
33 
32 
35 
59 
65 
66 
59 
54 
78 
86 
86 
84 
64 
39 
76 
86 
88 
85 
66 
26 
76 
235 
252 
252 
252 
255 
255 
255 
191 
254 
254 
254 
255 
255 
254 
254 
253 
251 
151 
67 
75 
74 
69 
30 
26 
23 
19 
35 
76 
115 
153 
171 
176 
174 
171 
174 
181 
196 
219 
228 
226 
229 
227 
225 
226 
224 
223 
223 
223 
222 
221 
220 
219 
219 
218 
217 
216 
215 
214 
214 
213 
212 
211 
210 
210 
210 
209 
208 
207 
205 
204 
204 
204 
204 
197 
199 
201 
199 
186 
100 
30 
35 
37 
50 
66 
65 
51 
64 
79 
89 
82 
77 
51 
50 
78 
86 
81 
77 
44 
25 
145 
251 
252 
250 
254 
254 
255 
255 
191 
254 
255 
255 
255 
255 
255 
255 
252 
248 
212 
92 
76 
76 
71 
42 
26 
26 
25 
25 
24 
22 
36 
63 
111 
148 
170 
174 
170 
173 
174 
180 
200 
219 
226 
224 
225 
225 
224 
224 
225 
222 
221 
220 
219 
219 
218 
217 
216 
215 
214 
214 
213 
212 
211 
210 
210 
210 
209 
208 
207 
205 
204 
204 
203 
203 
202 
201 
199 
199 
171 
51 
40 
39 
38 
38 
63 
58 
40 
76 
83 
84 
83 
71 
40 
68 
81 
89 
81 
63 
29 
47 
217 
254 
253 
253 
253 
254 
255 
255 
191 
255 
255 
255 
255 
255 
255 
255 
254 
252 
250 
188 
64 
71 
75 
67 
27 
26 
25 
25 
24 
24 
26 
24 
20 
29 
62 
108 
151 
171 
173 
169 
172 
173 
189 
203 
220 
226 
225 
223 
222 
222 
221 
220 
219 
219 
218 
217 
216 
215 
214 
214 
213 
212 
211 
210 
210 
210 
209 
208 
207 
205 
204 
204 
203 
203 
202 
201 
200 
203 
149 
31 
48 
42 
38 
30 
52 
41 
43 
81 
81 
79 
78 
52 
34 
77 
87 
81 
70 
32 
35 
120 
249 
254 
253 
253 
253 
254 
255 
255 
191 
255 
255 
255 
255 
255 
255 
255 
254 
253 
253 
248 
140 
69 
76 
74 
44 
26 
25 
25 
24 
27 
26 
28 
27 
27 
24 
22 
26 
52 
103 
143 
169 
175 
176 
171 
175 
185 
206 
219 
221 
222 
221 
220 
219 
219 
218 
217 
216 
215 
214 
214 
213 
212 
211 
210 
210 
210 
209 
208 
207 
205 
204 
204 
203 
203 
202 
201 
200 
201 
82 
45 
51 
46 
39 
24 
36 
26 
49 
83 
83 
82 
67 
30 
47 
82 
79 
81 
42 
25 
65 
206 
254 
254 
253 
253 
253 
254 
255 
255 
191 
255 
255 
255 
255 
255 
255 
255 
253 
251 
251 
249 
212 
93 
72 
79 
63 
30 
24 
26 
26 
28 
26 
24 
29 
25 
24 
24 
28 
25 
21 
28 
55 
91 
139 
168 
176 
174 
171 
178 
190 
209 
218 
222 
221 
217 
216 
218 
218 
216 
214 
214 
214 
212 
211 
210 
210 
210 
209 
208 
207 
205 
204 
204 
203 
203 
201 
201 
202 
171 
44 
56 
51 
50 
39 
23 
25 
21 
52 
83 
83 
84 
55 
23 
65 
83 
75 
49 
23 
26 
110 
247 
253 
254 
253 
253 
253 
254 
255 
255 
191 
255 
255 
255 
255 
255 
255 
255 
254 
254 
254 
253 
253 
208 
67 
74 
74 
53 
26 
28 
27 
26 
26 
26 
47 
111 
37 
19 
27 
26 
23 
24 
32 
26 
23 
43 
94 
134 
165 
175 
173 
170 
182 
194 
207 
216 
220 
217 
215 
213 
213 
213 
213 
212 
211 
210 
210 
210 
209 
208 
207 
205 
204 
204 
204 
205 
200 
201 
186 
105 
47 
57 
57 
50 
30 
26 
24 
24 
48 
86 
84 
69 
30 
32 
80 
77 
45 
23 
26 
45 
206 
248 
251 
254 
254 
254 
254 
255 
255 
255 
191 
255 
255 
255 
255 
255 
255 
255 
254 
254 
254 
253 
254 
252 
185 
55 
66 
70 
43 
24 
24 
26 
26 
26 
50 
168 
141 
31 
26 
26 
25 
24 
72 
175 
105 
54 
26 
24 
50 
81 
131 
160 
172 
174 
173 
179 
193 
209 
214 
215 
215 
214 
213 
212 
211 
210 
210 
210 
209 
208 
207 
205 
204 
204 
203 
203 
201 
203 
171 
51 
62 
59 
55 
41 
23 
26 
28 
27 
39 
79 
65 
33 
32 
53 
62 
32 
21 
24 
34 
122 
245 
250 
253 
255 
254 
254 
254 
255 
255 
255 
191 
255 
255 
255 
255 
255 
255 
255 
255 
254 
253 
253 
253 
251 
244 
164 
42 
58 
57 
34 
26 
26 
26 
26 
41 
115 
235 
156 
40 
25 
25 
25 
66 
205 
249 
224 
167 
102 
48 
18 
23 
39 
82 
126 
157 
172 
174 
174 
181 
196 
211 
215 
211 
212 
211 
210 
210 
210 
209 
208 
207 
205 
204 
204 
199 
203 
203 
206 
127 
53 
70 
64 
58 
32 
23 
27 
27 
28 
29 
38 
31 
35 
25 
31 
28 
25 
26 
23 
73 
218 
251 
253 
253 
254 
254 
254 
250 
255 
255 
255 
191 
255 
255 
255 
255 
255 
255 
255 
255 
254 
254 
254 
254 
251 
251 
248 
155 
48 
59 
53 
27 
24 
26 
26 
28 
66 
235 
248 
179 
63 
24 
29 
31 
112 
244 
248 
251 
252 
218 
171 
96 
51 
24 
25 
41 
70 
120 
160 
171 
174 
175 
183 
198 
206 
211 
210 
211 
210 
209 
208 
207 
205 
203 
202 
200 
200 
204 
188 
62 
72 
72 
69 
47 
27 
27 
27 
24 
24 
39 
36 
35 
27 
25 
23 
27 
26 
22 
27 
149 
251 
251 
253 
252 
254 
254 
254 
254 
255 
255 
255 
191 
255 
255 
255 
255 
255 
255 
255 
255 
255 
255 
255 
255 
254 
254 
254 
237 
150 
50 
63 
49 
29 
24 
24 
29 
31 
181 
248 
252 
218 
119 
42 
24 
34 
170 
253 
254 
255 
255 
255 
251 
217 
151 
87 
43 
25 
18 
34 
68 
110 
153 
172 
172 
175 
188 
199 
210 
212 
210 
208 
207 
206 
205 
203 
201 
201 
197 
126 
57 
79 
72 
66 
29 
26 
26 
26 
26 
28 
43 
44 
38 
26 
26 
26 
24 
24 
26 
81 
235 
254 
255 
255 
255 
255 
255 
255 
255 
255 
255 
255 
191 
255 
255 
255 
255 
255 
255 
255 
255 
255 
255 
255 
255 
255 
255 
255 
253 
245 
160 
56 
64 
51 
25 
30 
24 
24 
88 
242 
252 
252 
248 
207 
127 
72 
85 
193 
254 
255 
255 
255 
254 
254 
252 
247 
200 
151 
79 
42 
25 
22 
33 
60 
108 
147 
169 
172 
178 
187 
198 
206 
206 
205 
204 
204 
206 
204 
173 
58 
76 
81 
74 
45 
21 
26 
26 
26 
27 
37 
47 
49 
35 
26 
26 
26 
27 
28 
61 
191 
252 
255 
255 
255 
255 
255 
255 
255 
255 
255 
255 
255 
191 
255 
255 
255 
255 
255 
255 
255 
255 
255 
255 
255 
255 
255 
255 
255 
253 
249 
245 
174 
67 
68 
47 
28 
25 
24 
57 
173 
252 
253 
251 
252 
253 
238 
204 
213 
252 
255 
255 
255 
254 
252 
253 
253 
254 
253 
242 
205 
137 
79 
39 
26 
18 
30 
62 
99 
143 
171 
175 
179 
190 
200 
204 
205 
203 
203 
131 
59 
88 
81 
64 
23 
25 
26 
26 
26 
31 
50 
55 
48 
29 
26 
26 
26 
25 
26 
135 
246 
252 
255 
255 
255 
255 
255 
255 
255 
255 
255 
255 
255 
191 
255 
255 
255 
255 
255 
255 
255 
255 
255 
255 
255 
255 
255 
255 
255 
253 
249 
251 
252 
189 
83 
62 
42 
26 
28 
24 
62 
214 
252 
252 
249 
253 
253 
253 
254 
253 
255 
255 
255 
254 
254 
253 
251 
253 
254 
254 
253 
254 
241 
193 
135 
76 
38 
25 
23 
31 
49 
99 
140 
172 
175 
184 
187 
203 
183 
55 
90 
92 
82 
37 
23 
26 
25 
25 
26 
37 
58 
61 
39 
24 
26 
25 
25 
24 
75 
232 
252 
253 
255 
255 
255 
255 
255 
255 
255 
255 
255 
255 
255 
191 
255 
255 
255 
255 
255 
255 
255 
255 
255 
255 
255 
255 
255 
255 
255 
254 
253 
254 
254 
253 
219 
112 
69 
45 
26 
23 
28 
88 
236 
252 
251 
253 
255 
255 
255 
255 
255 
255 
255 
255 
255 
255 
255 
255 
255 
255 
255 
254 
253 
252 
250 
241 
201 
125 
70 
31 
26 
22 
22 
51 
86 
136 
168 
165 
93 
69 
96 
91 
50 
24 
22 
24 
23 
25 
26 
55 
67 
55 
26 
25 
22 
25 
24 
62 
195 
249 
253 
253 
255 
255 
255 
255 
255 
255 
255 
255 
255 
255 
255 
191 
255 
255 
255 
255 
255 
255 
255 
255 
255 
255 
255 
255 
255 
255 
255 
254 
254 
254 
254 
253 
252 
228 
149 
62 
40 
27 
24 
32 
109 
236 
249 
253 
255 
255 
255 
255 
255 
255 
255 
255 
255 
255 
255 
255 
255 
255 
255 
254 
253 
253 
252 
251 
251 
250 
233 
181 
120 
62 
29 
28 
22 
25 
43 
70 
55 
104 
100 
69 
25 
24 
23 
28 
24 
28 
38 
72 
73 
37 
26 
29 
27 
30 
31 
152 
251 
250 
253 
254 
255 
255 
255 
255 
255 
255 
255 
255 
255 
255 
255 
191 
255 
255 
255 
255 
255 
255 
255 
255 
255 
255 
255 
255 
255 
255 
255 
254 
254 
254 
254 
253 
252 
251 
246 
187 
86 
31 
27 
25 
32 
105 
226 
249 
255 
255 
255 
255 
255 
255 
255 
255 
255 
255 
255 
255 
255 
255 
255 
254 
253 
254 
254 
254 
252 
251 
251 
250 
251 
232 
188 
114 
62 
31 
23 
39 
97 
104 
86 
30 
26 
27 
26 
28 
28 
34 
64 
74 
51 
25 
29 
27 
27 
33 
119 
245 
250 
252 
254 
253 
255 
255 
255 
255 
255 
255 
255 
255 
255 
255 
255 
191 
255 
255 
255 
255 
255 
255 
255 
255 
255 
255 
255 
255 
255 
255 
255 
254 
254 
254 
254 
253 
251 
253 
252 
249 
230 
140 
43 
37 
107 
126 
91 
201 
253 
254 
254 
255 
255 
255 
255 
255 
255 
255 
255 
255 
255 
255 
255 
254 
253 
254 
254 
254 
251 
253 
253 
252 
252 
253 
252 
250 
227 
157 
44 
84 
116 
90 
35 
26 
22 
23 
26 
24 
26 
42 
82 
66 
31 
25 
26 
24 
28 
86 
233 
251 
251 
252 
252 
252 
255 
255 
255 
255 
255 
255 
255 
255 
255 
255 
255 
191 
255 
255 
255 
255 
255 
255 
255 
255 
255 
255 
255 
255 
255 
255 
255 
255 
255 
255 
255 
255 
255 
255 
255 
254 
252 
247 
205 
108 
125 
247 
200 
138 
168 
236 
253 
251 
255 
255 
255 
255 
255 
255 
255 
255 
255 
255 
255 
255 
254 
254 
254 
255 
255 
255 
255 
253 
251 
250 
250 
250 
247 
151 
76 
120 
110 
46 
25 
25 
25 
28 
25 
23 
29 
79 
85 
33 
22 
29 
21 
28 
67 
215 
253 
253 
255 
255 
255 
255 
255 
255 
255 
255 
255 
255 
255 
255 
255 
255 
255 
191 
255 
255 
255 
255 
255 
255 
255 
255 
255 
255 
255 
255 
255 
255 
255 
255 
255 
255 
255 
255 
255 
255 
255 
254 
253 
253 
253 
240 
221 
249 
250 
249 
221 
227 
250 
253 
255 
255 
255 
255 
255 
255 
255 
255 
255 
255 
255 
255 
255 
255 
255 
255 
255 
255 
255 
254 
253 
253 
250 
249 
179 
74 
122 
110 
54 
25 
25 
26 
28 
26 
25 
30 
62 
83 
47 
26 
30 
29 
24 
76 
206 
253 
251 
253 
255 
255 
255 
255 
255 
255 
255 
255 
255 
255 
255 
255 
255 
255 
255 
191 
255 
255 
255 
255 
255 
255 
255 
255 
255 
255 
255 
255 
255 
255 
255 
255 
255 
255 
255 
255 
255 
255 
255 
252 
250 
251 
252 
251 
251 
250 
249 
254 
253 
252 
251 
253 
255 
255 
255 
255 
255 
255 
255 
255 
255 
255 
255 
255 
255 
255 
255 
255 
255 
255 
255 
254 
253 
252 
250 
187 
82 
124 
121 
61 
26 
27 
25 
28 
23 
25 
24 
48 
96 
54 
22 
21 
25 
37 
55 
189 
247 
253 
253 
253 
255 
255 
255 
255 
255 
255 
255 
255 
255 
255 
255 
255 
255 
255 
255 
191 
255 
255 
255 
255 
255 
255 
255 
255 
255 
255 
255 
255 
255 
255 
255 
255 
255 
255 
255 
255 
255 
255 
255 
253 
253 
253 
253 
252 
253 
250 
253 
254 
254 
253 
253 
253 
255 
255 
255 
255 
255 
255 
255 
255 
255 
255 
255 
255 
255 
255 
255 
254 
254 
254 
254 
254 
249 
250 
196 
94 
128 
113 
52 
20 
24 
28 
21 
24 
21 
25 
32 
83 
61 
25 
24 
31 
98 
200 
186 
253 
254 
253 
251 
253 
255 
255 
255 
255 
255 
255 
255 
255 
255 
255 
255 
255 
255 
255 
255 
191 
255 
255 
255 
255 
255 
255 
255 
255 
255 
255 
255 
255 
255 
255 
255 
255 
255 
255 
255 
255 
255 
255 
255 
255 
255 
255 
255 
255 
255 
255 
255 
255 
255 
255 
255 
255 
255 
255 
255 
255 
255 
255 
255 
255 
255 
255 
255 
255 
255 
255 
255 
254 
253 
252 
248 
250 
248 
188 
92 
133 
118 
47 
23 
27 
28 
27 
24 
26 
24 
42 
87 
66 
24 
24 
33 
105 
232 
253 
251 
252 
255 
255 
255 
255 
255 
255 
255 
255 
255 
255 
255 
255 
255 
255 
255 
255 
255 
255 
255 
191 
255 
255 
255 
255 
255 
255 
255 
255 
255 
255 
255 
255 
255 
255 
255 
255 
255 
255 
255 
255 
255 
255 
255 
255 
255 
255 
255 
255 
255 
255 
255 
255 
255 
255 
255 
255 
255 
255 
255 
255 
255 
255 
255 
255 
255 
255 
255 
255 
255 
255 
255 
252 
249 
253 
250 
242 
167 
95 
137 
93 
35 
29 
26 
24 
26 
25 
25 
20 
34 
83 
63 
24 
28 
45 
128 
240 
251 
253 
253 
254 
255 
255 
255 
255 
255 
255 
255 
255 
255 
255 
255 
255 
255 
255 
255 
255 
255 
255 
255 
191 
255 
255 
255 
255 
255 
255 
255 
255 
255 
255 
255 
255 
255 
255 
255 
255 
255 
255 
255 
255 
255 
255 
255 
255 
255 
255 
255 
255 
255 
255 
255 
255 
255 
255 
255 
255 
255 
255 
255 
255 
255 
255 
255 
255 
255 
255 
255 
255 
255 
255 
255 
255 
248 
252 
238 
148 
101 
127 
76 
27 
28 
24 
21 
25 
22 
23 
21 
49 
92 
54 
25 
23 
52 
168 
244 
252 
253 
251 
251 
252 
255 
255 
255 
255 
255 
255 
255 
255 
255 
255 
255 
255 
255 
255 
255 
255 
255 
255 
255 
191 
255 
255 
255 
255 
255 
255 
255 
255 
255 
255 
255 
255 
255 
255 
255 
255 
255 
255 
255 
255 
255 
255 
255 
255 
255 
255 
255 
255 
255 
255 
255 
255 
255 
255 
255 
255 
255 
255 
255 
255 
255 
255 
255 
255 
255 
255 
255 
255 
254 
253 
254 
254 
247 
188 
102 
110 
112 
52 
20 
29 
25 
25 
26 
27 
38 
34 
52 
85 
37 
22 
34 
112 
214 
253 
253 
250 
252 
252 
252 
254 
255 
255 
255 
255 
255 
255 
255 
255 
255 
255 
255 
255 
255 
255 
255 
255 
255 
255 
255 
191 
255 
255 
255 
255 
255 
255 
255 
255 
255 
255 
255 
255 
255 
255 
255 
255 
255 
255 
255 
255 
255 
255 
255 
255 
255 
255 
255 
255 
255 
255 
255 
255 
255 
255 
255 
255 
255 
255 
255 
255 
255 
255 
255 
255 
255 
255 
255 
254 
251 
252 
252 
233 
158 
91 
105 
71 
29 
22 
30 
28 
24 
31 
58 
98 
91 
67 
70 
30 
31 
93 
183 
245 
255 
255 
255 
255 
255 
255 
255 
255 
255 
255 
255 
255 
255 
255 
255 
255 
255 
255 
255 
255 
255 
255 
255 
255 
255 
255 
255 
191 
255 
255 
255 
255 
255 
255 
255 
255 
255 
255 
255 
255 
255 
255 
255 
255 
255 
255 
255 
255 
255 
255 
255 
255 
255 
255 
255 
255 
255 
255 
255 
255 
255 
255 
255 
255 
255 
255 
255 
255 
255 
255 
255 
255 
255 
255 
255 
253 
249 
247 
200 
102 
59 
59 
31 
21 
25 
21 
38 
71 
109 
175 
163 
89 
68 
48 
34 
100 
174 
239 
250 
250 
255 
255 
255 
255 
255 
255 
255 
255 
255 
255 
255 
255 
255 
255 
255 
255 
255 
255 
255 
255 
255 
255 
255 
255 
255 
255 
255 
191 
255 
255 
255 
255 
255 
255 
255 
255 
255 
255 
255 
255 
255 
255 
255 
255 
255 
255 
255 
255 
255 
255 
255 
255 
255 
255 
255 
255 
255 
255 
255 
255 
255 
255 
255 
255 
255 
255 
255 
255 
255 
255 
255 
255 
255 
255 
255 
254 
251 
200 
98 
74 
68 
64 
74 
92 
120 
172 
203 
229 
211 
108 
43 
45 
61 
130 
200 
243 
250 
250 
252 
250 
255 
255 
255 
255 
255 
255 
255 
255 
255 
255 
255 
255 
255 
255 
255 
255 
255 
255 
255 
255 
255 
255 
255 
255 
255 
255 
255 
191 
191 
191 
191 
191 
191 
191 
191 
191 
191 
191 
191 
191 
191 
191 
191 
191 
191 
191 
191 
191 
191 
191 
191 
191 
191 
191 
191 
191 
191 
191 
191 
191 
191 
191 
191 
191 
191 
191 
191 
191 
191 
191 
191 
191 
191 
191 
191 
191 
190 
190 
187 
177 
175 
174 
181 
187 
190 
189 
188 
178 
132 
113 
74 
128 
168 
189 
187 
189 
186 
188 
190 
190 
191 
191 
191 
191 
191 
191 
191 
191 
191 
191 
191 
191 
191 
191 
191 
191 
191 
191 
191 
191 
191 
191 
191 
191 
191 
191 
191 
143 
