255 
255 
255 
255 
255 
255 
255 
255 
255 
255 
255 
255 
255 
255 
255 
255 
255 
255 
255 
255 
255 
255 
254 
222 
155 
123 
123 
132 
168 
230 
254 
255 
255 
255 
255 
255 
255 
255 
255 
255 
255 
255 
255 
255 
255 
255 
255 
255 
255 
191 
255 
255 
255 
255 
255 
255 
255 
255 
255 
255 
255 
255 
255 
255 
255 
255 
255 
255 
255 
255 
255 
254 
201 
101 
126 
165 
186 
192 
170 
123 
202 
254 
255 
255 
255 
255 
255 
255 
255 
255 
255 
255 
255 
255 
255 
255 
255 
255 
255 
191 
255 
255 
255 
255 
255 
255 
255 
255 
255 
255 
255 
255 
255 
255 
255 
255 
255 
255 
255 
255 
255 
220 
100 
120 
137 
151 
163 
176 
189 
176 
78 
215 
255 
255 
255 
255 
255 
255 
255 
255 
255 
255 
255 
255 
255 
255 
255 
255 
255 
191 
255 
255 
255 
255 
255 
255 
255 
255 
255 
255 
255 
255 
255 
255 
255 
255 
255 
255 
255 
255 
251 
123 
84 
102 
115 
128 
141 
154 
167 
179 
70 
97 
249 
255 
255 
255 
255 
255 
255 
255 
255 
255 
255 
255 
255 
255 
255 
255 
255 
191 
255 
255 
255 
255 
255 
255 
255 
255 
255 
255 
255 
255 
255 
255 
255 
255 
255 
255 
255 
255 
216 
55 
67 
80 
93 
106 
118 
131 
144 
156 
60 
23 
211 
255 
255 
255 
255 
255 
255 
255 
255 
255 
255 
255 
255 
255 
255 
255 
255 
191 
255 
255 
255 
255 
255 
255 
255 
255 
255 
255 
255 
255 
255 
255 
255 
255 
255 
255 
255 
255 
162 
21 
45 
57 
70 
83 
96 
109 
122 
118 
21 
1 
159 
255 
255 
255 
255 
255 
255 
255 
255 
255 
255 
255 
255 
255 
255 
255 
255 
191 
255 
255 
255 
255 
255 
255 
255 
255 
255 
255 
255 
255 
255 
255 
255 
255 
255 
255 
255 
255 
110 
6 
27 
36 
48 
61 
74 
87 
94 
44 
1 
0 
116 
254 
255 
255 
255 
255 
255 
255 
255 
255 
255 
255 
255 
255 
255 
255 
255 
191 
255 
255 
255 
255 
255 
255 
255 
255 
255 
255 
255 
255 
255 
255 
255 
255 
255 
255 
255 
254 
114 
87 
23 
23 
29 
38 
49 
50 
25 
1 
0 
0 
95 
254 
255 
255 
255 
255 
255 
255 
255 
255 
255 
255 
255 
255 
255 
255 
255 
191 
255 
255 
255 
255 
255 
255 
255 
255 
255 
255 
255 
255 
255 
255 
255 
255 
255 
255 
255 
250 
172 
173 
89 
3 
7 
41 
115 
97 
17 
0 
0 
0 
90 
254 
255 
255 
255 
255 
255 
255 
255 
255 
255 
255 
255 
255 
255 
255 
255 
191 
255 
255 
255 
255 
255 
255 
255 
255 
255 
255 
255 
255 
255 
255 
255 
255 
255 
255 
255 
248 
167 
116 
146 
13 
16 
159 
198 
196 
125 
5 
0 
0 
102 
254 
255 
255 
255 
255 
255 
255 
255 
255 
255 
255 
255 
255 
255 
255 
255 
191 
255 
255 
255 
255 
255 
255 
255 
255 
255 
255 
255 
255 
255 
255 
255 
255 
255 
255 
255 
244 
129 
48 
139 
34 
51 
194 
120 
118 
172 
31 
0 
0 
119 
255 
255 
255 
255 
255 
255 
255 
255 
255 
255 
255 
255 
255 
255 
255 
255 
191 
255 
255 
255 
255 
255 
255 
255 
255 
255 
255 
255 
255 
255 
255 
255 
255 
255 
255 
255 
241 
101 
55 
140 
83 
95 
175 
38 
43 
156 
40 
0 
0 
131 
255 
255 
255 
255 
255 
255 
255 
255 
255 
255 
255 
255 
255 
255 
255 
255 
191 
255 
255 
255 
255 
255 
255 
255 
255 
255 
255 
255 
255 
255 
255 
255 
255 
255 
255 
255 
232 
159 
179 
204 
209 
201 
180 
53 
52 
156 
20 
0 
0 
129 
255 
255 
255 
255 
255 
255 
255 
255 
255 
255 
255 
255 
255 
255 
255 
255 
191 
255 
255 
255 
255 
255 
255 
255 
255 
255 
255 
255 
255 
255 
255 
255 
255 
255 
255 
255 
206 
183 
233 
228 
222 
216 
206 
175 
172 
134 
26 
0 
0 
110 
254 
255 
255 
255 
255 
255 
255 
255 
255 
255 
255 
255 
255 
255 
255 
255 
191 
255 
255 
255 
255 
255 
255 
255 
255 
255 
255 
255 
255 
255 
255 
255 
255 
255 
255 
245 
126 
165 
213 
226 
223 
221 
214 
198 
185 
172 
139 
27 
0 
70 
250 
255 
255 
255 
255 
255 
255 
255 
255 
255 
255 
255 
255 
255 
255 
255 
191 
255 
255 
255 
255 
255 
255 
255 
255 
255 
255 
255 
255 
255 
255 
255 
255 
255 
250 
147 
21 
124 
188 
202 
208 
214 
208 
186 
169 
162 
161 
52 
0 
23 
202 
255 
255 
255 
255 
255 
255 
255 
255 
255 
255 
255 
255 
255 
255 
255 
191 
255 
255 
255 
255 
255 
255 
255 
255 
255 
255 
255 
255 
255 
255 
255 
255 
241 
136 
15 
30 
155 
156 
172 
185 
179 
171 
182 
197 
177 
104 
12 
0 
0 
61 
214 
255 
255 
255 
255 
255 
255 
255 
255 
255 
255 
255 
255 
255 
255 
191 
255 
255 
255 
255 
255 
255 
255 
255 
255 
255 
255 
255 
255 
255 
255 
227 
91 
5 
0 
89 
190 
186 
173 
171 
184 
209 
223 
230 
189 
92 
0 
0 
0 
0 
58 
220 
255 
255 
255 
255 
255 
255 
255 
255 
255 
255 
255 
255 
255 
191 
255 
255 
255 
255 
255 
255 
255 
255 
255 
255 
255 
255 
255 
255 
227 
96 
4 
0 
27 
159 
189 
204 
207 
209 
215 
220 
222 
220 
186 
131 
6 
0 
0 
0 
0 
79 
238 
255 
255 
255 
255 
255 
255 
255 
255 
255 
255 
255 
255 
191 
255 
255 
255 
255 
255 
255 
255 
255 
255 
255 
255 
255 
255 
237 
118 
20 
0 
4 
111 
189 
193 
198 
206 
212 
215 
216 
215 
200 
186 
162 
25 
0 
0 
0 
1 
17 
133 
252 
255 
255 
255 
255 
255 
255 
255 
255 
255 
255 
255 
191 
255 
255 
255 
255 
255 
255 
255 
255 
255 
255 
255 
255 
251 
151 
46 
0 
0 
56 
182 
197 
205 
212 
216 
216 
212 
207 
201 
196 
191 
185 
61 
0 
0 
0 
0 
18 
46 
201 
254 
255 
255 
255 
255 
255 
255 
255 
255 
255 
255 
191 
255 
255 
255 
255 
255 
255 
255 
255 
255 
255 
255 
255 
202 
81 
6 
0 
17 
151 
208 
229 
242 
247 
249 
250 
246 
237 
217 
203 
197 
192 
115 
1 
0 
0 
0 
2 
49 
98 
245 
255 
255 
255 
255 
255 
255 
255 
255 
255 
255 
191 
255 
255 
255 
255 
255 
255 
255 
255 
255 
255 
255 
246 
124 
34 
0 
1 
91 
211 
238 
244 
246 
248 
249 
250 
251 
252 
250 
231 
206 
197 
163 
20 
0 
0 
0 
0 
26 
72 
183 
255 
255 
255 
255 
255 
255 
255 
255 
255 
255 
191 
255 
255 
255 
255 
255 
255 
255 
255 
255 
255 
255 
194 
78 
10 
0 
24 
179 
235 
241 
243 
246 
247 
249 
250 
250 
250 
251 
250 
233 
203 
191 
65 
0 
0 
0 
0 
2 
87 
101 
246 
255 
255 
255 
255 
255 
255 
255 
255 
255 
191 
255 
255 
255 
255 
255 
255 
255 
255 
255 
255 
251 
125 
48 
25 
0 
86 
223 
236 
240 
243 
245 
247 
249 
250 
250 
250 
249 
249 
248 
222 
198 
132 
4 
0 
12 
0 
0 
60 
90 
198 
255 
255 
255 
255 
255 
255 
255 
255 
255 
191 
255 
255 
255 
255 
255 
255 
255 
255 
255 
255 
220 
86 
45 
28 
9 
155 
229 
235 
239 
242 
245 
248 
249 
250 
250 
249 
249 
248 
248 
239 
204 
175 
30 
0 
28 
9 
0 
30 
114 
126 
254 
255 
255 
255 
255 
255 
255 
255 
255 
191 
255 
255 
255 
255 
255 
255 
255 
255 
255 
255 
172 
70 
55 
33 
39 
194 
228 
233 
237 
241 
245 
248 
251 
252 
251 
249 
248 
247 
246 
244 
211 
192 
63 
0 
32 
31 
0 
15 
118 
76 
240 
255 
255 
255 
255 
255 
255 
255 
255 
191 
255 
255 
255 
255 
255 
255 
255 
255 
255 
255 
122 
68 
76 
40 
62 
203 
226 
231 
236 
240 
244 
248 
251 
253 
251 
249 
247 
245 
244 
243 
215 
195 
93 
0 
37 
55 
0 
9 
115 
53 
214 
255 
255 
255 
255 
255 
255 
255 
255 
191 
255 
255 
255 
255 
255 
255 
255 
255 
255 
250 
85 
68 
94 
60 
74 
200 
222 
228 
233 
238 
242 
246 
249 
251 
249 
247 
245 
243 
242 
240 
214 
194 
109 
0 
47 
78 
0 
9 
108 
36 
193 
255 
255 
255 
255 
255 
255 
255 
255 
191 
255 
255 
255 
255 
255 
255 
255 
255 
255 
235 
59 
69 
86 
112 
83 
196 
215 
225 
230 
235 
239 
242 
245 
247 
246 
244 
242 
240 
239 
235 
207 
193 
109 
0 
79 
86 
0 
16 
101 
24 
180 
255 
255 
255 
255 
255 
255 
255 
255 
191 
255 
255 
255 
255 
255 
255 
255 
255 
255 
220 
37 
71 
62 
160 
83 
191 
204 
219 
226 
230 
235 
238 
241 
242 
241 
240 
239 
237 
235 
224 
199 
191 
92 
2 
138 
58 
0 
31 
94 
13 
182 
255 
255 
255 
255 
255 
255 
255 
255 
191 
255 
255 
255 
255 
255 
255 
254 
241 
226 
200 
34 
123 
127 
152 
117 
178 
196 
208 
220 
225 
229 
232 
235 
236 
236 
235 
234 
232 
228 
207 
195 
186 
63 
35 
160 
18 
0 
63 
71 
11 
198 
255 
255 
255 
255 
255 
255 
255 
255 
191 
255 
255 
255 
255 
255 
255 
244 
186 
204 
176 
104 
197 
205 
100 
149 
159 
192 
198 
208 
217 
223 
226 
228 
229 
229 
229 
228 
223 
208 
197 
191 
170 
36 
116 
92 
0 
18 
88 
35 
29 
220 
255 
255 
255 
255 
255 
255 
255 
255 
191 
255 
255 
255 
254 
242 
247 
224 
187 
227 
229 
212 
233 
227 
101 
65 
150 
184 
193 
198 
203 
210 
216 
219 
221 
221 
219 
213 
203 
197 
192 
186 
135 
60 
122 
12 
4 
58 
75 
9 
68 
246 
255 
255 
255 
255 
255 
255 
255 
255 
191 
255 
255 
255 
232 
188 
190 
180 
204 
229 
233 
236 
237 
233 
152 
39 
54 
146 
186 
192 
195 
199 
201 
204 
204 
204 
201 
198 
195 
191 
186 
180 
99 
96 
22 
2 
38 
74 
36 
3 
148 
254 
255 
255 
255 
255 
255 
255 
255 
255 
191 
255 
255 
255 
227 
177 
194 
196 
213 
226 
231 
234 
234 
234 
202 
86 
27 
33 
108 
178 
189 
192 
194 
195 
195 
195 
194 
191 
188 
185 
181 
159 
69 
15 
4 
32 
60 
50 
5 
39 
225 
255 
255 
255 
255 
255 
255 
255 
255 
255 
191 
255 
255 
255 
251 
200 
179 
195 
204 
219 
227 
230 
230 
230 
226 
150 
47 
31 
23 
67 
157 
185 
187 
188 
188 
188 
185 
179 
181 
166 
167 
108 
6 
11 
33 
48 
44 
11 
2 
133 
253 
255 
255 
255 
255 
255 
255 
255 
255 
255 
191 
255 
255 
255 
254 
250 
201 
185 
200 
207 
218 
224 
225 
225 
225 
202 
87 
28 
27 
21 
49 
164 
180 
181 
181 
179 
161 
163 
115 
124 
132 
104 
59 
12 
21 
29 
9 
0 
49 
228 
255 
255 
255 
255 
255 
255 
255 
255 
255 
255 
191 
255 
255 
255 
255 
255 
247 
186 
193 
200 
204 
210 
216 
218 
218 
215 
140 
29 
22 
21 
13 
135 
172 
173 
174 
166 
186 
193 
73 
107 
129 
139 
74 
22 
9 
5 
0 
14 
174 
254 
255 
255 
255 
255 
255 
255 
255 
255 
255 
255 
191 
255 
255 
255 
255 
255 
255 
229 
179 
195 
198 
199 
200 
203 
207 
208 
168 
31 
9 
8 
14 
139 
169 
169 
169 
160 
218 
191 
31 
47 
65 
80 
53 
48 
52 
36 
10 
130 
249 
255 
255 
255 
255 
255 
255 
255 
255 
255 
255 
255 
191 
255 
255 
255 
255 
255 
255 
253 
202 
182 
192 
193 
192 
190 
188 
187 
168 
38 
0 
0 
26 
137 
166 
168 
167 
165 
231 
206 
35 
10 
20 
35 
79 
70 
55 
47 
130 
244 
254 
255 
255 
255 
255 
255 
255 
255 
255 
255 
255 
255 
191 
255 
255 
255 
255 
255 
255 
254 
246 
186 
181 
187 
186 
185 
183 
179 
156 
28 
0 
0 
0 
20 
57 
75 
107 
195 
237 
229 
131 
43 
47 
123 
187 
115 
13 
21 
201 
255 
255 
255 
255 
255 
255 
255 
255 
255 
255 
255 
255 
255 
191 
255 
255 
255 
255 
255 
255 
255 
255 
241 
184 
175 
181 
179 
178 
173 
134 
64 
103 
155 
156 
103 
29 
8 
124 
225 
234 
233 
219 
179 
176 
201 
198 
126 
14 
118 
247 
255 
255 
255 
255 
255 
255 
255 
255 
255 
255 
255 
255 
255 
191 
255 
255 
255 
255 
255 
255 
255 
255 
254 
246 
202 
173 
168 
167 
176 
222 
243 
254 
255 
255 
253 
205 
80 
174 
229 
229 
228 
227 
222 
213 
204 
190 
173 
132 
204 
232 
253 
255 
255 
255 
255 
255 
255 
255 
255 
255 
255 
255 
255 
191 
255 
255 
255 
255 
255 
255 
255 
255 
255 
255 
254 
242 
228 
228 
246 
254 
255 
255 
255 
255 
255 
254 
204 
192 
224 
222 
221 
218 
213 
205 
193 
180 
184 
189 
170 
165 
236 
255 
255 
255 
255 
255 
255 
255 
255 
255 
255 
255 
255 
191 
255 
255 
255 
255 
255 
255 
255 
255 
255 
255 
255 
255 
255 
255 
255 
255 
255 
255 
255 
255 
255 
255 
228 
184 
215 
213 
211 
207 
201 
191 
182 
175 
168 
163 
162 
164 
237 
255 
255 
255 
255 
255 
255 
255 
255 
255 
255 
255 
255 
191 
255 
255 
255 
255 
255 
255 
255 
255 
255 
255 
255 
255 
255 
255 
255 
255 
255 
255 
255 
255 
255 
255 
246 
177 
189 
193 
191 
187 
183 
180 
175 
169 
164 
159 
168 
217 
253 
255 
255 
255 
255 
255 
255 
255 
255 
255 
255 
255 
255 
191 
255 
255 
255 
255 
255 
255 
255 
255 
255 
255 
255 
255 
255 
255 
255 
255 
255 
255 
255 
255 
255 
255 
254 
216 
164 
171 
174 
175 
174 
172 
168 
161 
168 
211 
243 
254 
255 
255 
255 
255 
255 
255 
255 
255 
255 
255 
255 
255 
255 
191 
255 
255 
255 
255 
255 
255 
255 
255 
255 
255 
255 
255 
255 
255 
255 
255 
255 
255 
255 
255 
255 
255 
255 
252 
210 
165 
162 
166 
165 
162 
161 
193 
241 
254 
255 
255 
255 
255 
255 
255 
255 
255 
255 
255 
255 
255 
255 
255 
255 
191 
191 
191 
191 
191 
191 
191 
191 
191 
191 
191 
191 
191 
191 
191 
191 
191 
191 
191 
191 
191 
191 
191 
191 
191 
190 
172 
137 
114 
111 
129 
165 
189 
191 
191 
191 
191 
191 
191 
191 
191 
191 
191 
191 
191 
191 
191 
191 
191 
191 
143 
