107 
108 
112 
113 
112 
125 
128 
128 
131 
138 
151 
147 
143 
142 
148 
149 
161 
170 
166 
156 
150 
151 
155 
121 
99 
95 
103 
108 
110 
117 
127 
134 
141 
146 
151 
140 
142 
149 
140 
142 
158 
165 
158 
152 
148 
151 
150 
114 
91 
99 
105 
111 
111 
108 
112 
124 
138 
151 
155 
149 
144 
140 
138 
144 
161 
158 
157 
150 
140 
144 
145 
111 
101 
99 
108 
113 
114 
116 
115 
120 
135 
147 
158 
160 
151 
141 
134 
142 
156 
147 
145 
146 
147 
142 
141 
106 
101 
99 
115 
117 
115 
123 
125 
133 
145 
155 
167 
159 
143 
134 
125 
126 
130 
131 
143 
151 
157 
144 
145 
104 
94 
88 
104 
114 
110 
113 
127 
139 
144 
151 
163 
153 
138 
131 
128 
126 
126 
136 
147 
151 
146 
146 
159 
111 
62 
67 
84 
99 
101 
116 
115 
123 
139 
153 
157 
147 
131 
117 
120 
123 
118 
133 
138 
147 
156 
151 
152 
105 
39 
44 
66 
90 
101 
105 
106 
124 
136 
145 
145 
129 
116 
111 
114 
117 
126 
133 
136 
147 
159 
145 
135 
128 
54 
47 
54 
74 
94 
92 
96 
109 
119 
134 
135 
128 
116 
113 
119 
127 
142 
130 
128 
150 
150 
145 
179 
176 
69 
62 
59 
68 
93 
96 
102 
112 
114 
120 
135 
149 
133 
113 
120 
128 
135 
126 
125 
158 
144 
153 
199 
161 
83 
82 
84 
90 
98 
102 
99 
107 
111 
108 
129 
124 
115 
111 
114 
125 
137 
141 
136 
151 
185 
157 
123 
95 
88 
101 
107 
106 
111 
98 
90 
95 
100 
100 
103 
92 
88 
103 
118 
112 
130 
157 
180 
226 
227 
210 
163 
84 
82 
101 
108 
111 
116 
111 
109 
101 
90 
86 
99 
92 
88 
98 
110 
107 
112 
193 
229 
230 
225 
221 
202 
118 
87 
92 
98 
107 
110 
116 
121 
118 
112 
107 
89 
88 
101 
106 
99 
111 
179 
228 
221 
221 
222 
221 
215 
144 
81 
86 
96 
102 
103 
115 
127 
123 
122 
125 
118 
104 
103 
105 
103 
151 
225 
226 
223 
218 
218 
216 
215 
149 
71 
78 
82 
86 
97 
115 
113 
102 
109 
111 
120 
116 
106 
107 
124 
193 
217 
223 
221 
216 
213 
209 
203 
132 
60 
73 
90 
82 
95 
102 
105 
92 
78 
101 
114 
106 
113 
113 
136 
149 
183 
206 
207 
205 
200 
192 
181 
111 
65 
73 
85 
85 
93 
94 
88 
85 
81 
103 
100 
107 
142 
139 
113 
100 
127 
159 
171 
169 
161 
149 
137 
81 
76 
79 
85 
92 
93 
86 
81 
92 
95 
117 
146 
192 
200 
175 
140 
106 
97 
103 
110 
108 
113 
121 
105 
71 
91 
94 
106 
107 
104 
104 
105 
119 
117 
185 
220 
214 
215 
213 
198 
155 
103 
92 
104 
97 
102 
115 
101 
72 
110 
113 
119 
115 
113 
116 
120 
127 
171 
221 
223 
211 
210 
210 
205 
178 
119 
100 
116 
110 
107 
106 
96 
73 
120 
125 
135 
125 
124 
130 
141 
166 
207 
217 
215 
214 
206 
204 
199 
181 
130 
93 
96 
106 
130 
142 
123 
73 
125 
131 
133 
144 
173 
190 
159 
134 
162 
186 
196 
202 
202 
197 
183 
142 
97 
85 
89 
110 
133 
144 
127 
73 
122 
129 
127 
164 
183 
139 
108 
91 
103 
124 
145 
169 
175 
155 
130 
97 
88 
91 
86 
97 
116 
123 
107 
69 
132 
133 
153 
187 
169 
149 
114 
87 
84 
85 
100 
120 
118 
98 
90 
91 
107 
113 
98 
84 
91 
95 
87 
65 
132 
174 
207 
211 
206 
190 
155 
106 
84 
92 
92 
91 
86 
81 
85 
98 
118 
126 
109 
86 
85 
85 
88 
66 
186 
212 
207 
201 
203 
193 
168 
116 
86 
97 
92 
89 
100 
99 
89 
94 
111 
119 
102 
89 
104 
118 
122 
87 
193 
210 
201 
182 
189 
184 
161 
118 
87 
85 
84 
97 
120 
124 
99 
84 
97 
98 
99 
124 
148 
165 
160 
107 
160 
192 
197 
185 
176 
169 
148 
111 
86 
78 
82 
102 
116 
114 
95 
84 
97 
97 
122 
162 
169 
174 
169 
116 
118 
153 
173 
170 
160 
143 
120 
93 
87 
82 
78 
92 
102 
99 
82 
76 
86 
91 
121 
154 
168 
175 
169 
108 
88 
109 
132 
134 
123 
104 
90 
85 
96 
90 
80 
79 
79 
78 
73 
79 
80 
78 
105 
141 
156 
159 
150 
91 
79 
82 
91 
91 
87 
78 
79 
90 
96 
85 
81 
93 
98 
91 
80 
73 
66 
65 
89 
120 
132 
128 
112 
76 
90 
84 
82 
82 
82 
77 
75 
83 
84 
82 
98 
133 
146 
131 
107 
78 
53 
51 
71 
92 
101 
96 
84 
57 
95 
86 
84 
97 
98 
86 
72 
70 
75 
92 
130 
163 
162 
152 
131 
97 
59 
45 
52 
65 
73 
70 
77 
61 
84 
77 
88 
102 
104 
91 
73 
65 
79 
111 
149 
167 
167 
151 
128 
98 
64 
39 
38 
47 
62 
86 
99 
64 
