114 
93 
93 
120 
85 
78 
64 
69 
74 
73 
85 
99 
108 
111 
114 
113 
108 
106 
112 
113 
117 
115 
123 
123 
127 
125 
125 
111 
105 
119 
107 
106 
107 
100 
101 
105 
107 
93 
86 
87 
92 
96 
88 
94 
88 
104 
114 
110 
113 
127 
139 
144 
151 
163 
153 
138 
131 
128 
126 
126 
136 
147 
151 
146 
146 
159 
144 
143 
211 
238 
236 
236 
229 
216 
168 
108 
128 
160 
190 
135 
114 
99 
79 
72 
57 
56 
53 
59 
63 
80 
84 
91 
104 
107 
104 
101 
106 
112 
103 
104 
117 
119 
128 
128 
129 
123 
120 
106 
99 
98 
104 
99 
100 
99 
104 
108 
107 
93 
81 
79 
81 
82 
53 
62 
67 
84 
99 
101 
116 
115 
123 
139 
153 
157 
147 
131 
117 
120 
123 
118 
133 
138 
147 
156 
151 
152 
144 
202 
237 
236 
236 
234 
232 
223 
208 
123 
109 
128 
137 
85 
108 
97 
81 
61 
45 
43 
52 
60 
102 
85 
73 
75 
109 
110 
101 
107 
100 
101 
105 
112 
122 
119 
118 
127 
123 
119 
112 
100 
91 
92 
99 
88 
93 
95 
100 
105 
105 
92 
75 
70 
69 
62 
47 
39 
44 
66 
90 
101 
105 
106 
124 
136 
145 
145 
129 
116 
111 
114 
117 
126 
133 
136 
147 
159 
145 
135 
187 
237 
237 
236 
234 
232 
229 
224 
209 
145 
186 
205 
187 
114 
95 
91 
93 
72 
67 
58 
55 
60 
70 
66 
59 
74 
94 
104 
102 
104 
101 
100 
103 
113 
123 
107 
113 
128 
128 
126 
109 
92 
85 
92 
91 
89 
93 
96 
102 
104 
100 
84 
68 
63 
59 
60 
62 
54 
47 
54 
74 
94 
92 
96 
109 
119 
134 
135 
128 
116 
113 
119 
127 
142 
130 
128 
150 
150 
145 
179 
234 
236 
233 
233 
230 
226 
223 
217 
200 
130 
191 
211 
171 
119 
86 
82 
74 
68 
73 
70 
93 
58 
53 
56 
70 
72 
86 
100 
95 
100 
103 
100 
97 
104 
115 
112 
123 
118 
123 
121 
99 
81 
84 
88 
96 
93 
98 
100 
104 
97 
88 
76 
60 
60 
61 
66 
69 
69 
62 
59 
68 
93 
96 
102 
112 
114 
120 
135 
149 
133 
113 
120 
128 
135 
126 
125 
158 
144 
153 
199 
219 
230 
226 
226 
224 
220 
214 
210 
172 
107 
145 
171 
161 
145 
79 
80 
68 
58 
52 
55 
52 
44 
53 
57 
46 
51 
66 
96 
100 
103 
96 
98 
95 
110 
121 
128 
123 
117 
112 
102 
94 
90 
93 
99 
103 
94 
99 
102 
102 
91 
79 
69 
62 
67 
69 
75 
79 
83 
82 
84 
90 
98 
102 
99 
107 
111 
108 
129 
124 
115 
111 
114 
125 
137 
141 
136 
151 
185 
157 
123 
137 
194 
209 
214 
215 
213 
206 
187 
126 
107 
161 
139 
140 
153 
80 
76 
65 
55 
50 
49 
47 
52 
33 
36 
42 
43 
62 
104 
90 
91 
97 
99 
97 
105 
112 
122 
116 
106 
98 
94 
94 
96 
97 
103 
106 
106 
111 
110 
113 
104 
90 
77 
69 
74 
78 
78 
81 
88 
101 
107 
106 
111 
98 
90 
95 
100 
100 
103 
92 
88 
103 
118 
112 
130 
157 
180 
226 
227 
210 
163 
108 
118 
164 
188 
199 
198 
180 
134 
116 
120 
196 
206 
148 
102 
91 
83 
76 
65 
59 
49 
55 
43 
39 
45 
64 
89 
108 
91 
73 
84 
100 
97 
111 
101 
110 
115 
111 
108 
102 
102 
112 
110 
99 
96 
101 
109 
114 
112 
110 
100 
87 
77 
72 
72 
77 
85 
82 
82 
101 
108 
111 
116 
111 
109 
101 
90 
86 
99 
92 
88 
98 
110 
107 
112 
193 
229 
230 
225 
221 
202 
146 
96 
101 
119 
133 
136 
126 
112 
142 
136 
202 
206 
191 
106 
101 
88 
91 
87 
81 
67 
59 
58 
61 
71 
80 
123 
142 
95 
80 
87 
95 
98 
100 
101 
107 
110 
108 
106 
100 
94 
85 
72 
77 
82 
96 
108 
108 
101 
96 
89 
82 
81 
77 
70 
73 
79 
80 
87 
92 
98 
107 
110 
116 
121 
118 
112 
107 
89 
88 
101 
106 
99 
111 
179 
228 
221 
221 
222 
221 
215 
179 
110 
100 
98 
100 
114 
122 
117 
135 
122 
185 
197 
199 
124 
86 
89 
92 
91 
86 
76 
76 
80 
77 
82 
96 
102 
93 
78 
103 
102 
96 
95 
97 
100 
98 
106 
105 
96 
92 
86 
71 
71 
74 
81 
99 
101 
98 
87 
81 
82 
83 
85 
78 
66 
71 
71 
69 
81 
86 
96 
102 
103 
115 
127 
123 
122 
125 
118 
104 
103 
105 
103 
151 
225 
226 
223 
218 
218 
216 
215 
190 
127 
103 
110 
120 
116 
121 
129 
156 
135 
118 
171 
182 
108 
88 
96 
104 
107 
106 
102 
111 
114 
110 
119 
127 
115 
111 
99 
107 
100 
100 
96 
98 
97 
91 
99 
96 
92 
89 
78 
73 
83 
83 
92 
101 
97 
92 
88 
86 
84 
90 
96 
91 
61 
67 
73 
68 
71 
78 
82 
86 
97 
115 
113 
102 
109 
111 
120 
116 
106 
107 
124 
193 
217 
223 
221 
216 
213 
209 
203 
168 
118 
122 
155 
174 
163 
130 
131 
176 
178 
133 
108 
111 
76 
112 
105 
113 
118 
120 
127 
138 
134 
125 
122 
137 
142 
138 
118 
103 
103 
98 
92 
91 
92 
97 
96 
100 
97 
95 
88 
78 
81 
82 
85 
80 
76 
82 
83 
82 
82 
84 
82 
64 
60 
67 
68 
60 
60 
73 
90 
82 
95 
102 
105 
92 
78 
101 
114 
106 
113 
113 
136 
149 
183 
206 
207 
205 
200 
192 
181 
140 
101 
114 
167 
189 
189 
160 
122 
158 
173 
148 
103 
146 
136 
104 
113 
121 
127 
130 
142 
136 
125 
122 
118 
143 
151 
146 
126 
108 
105 
101 
93 
82 
90 
101 
98 
99 
98 
96 
91 
85 
81 
80 
82 
76 
73 
76 
77 
76 
77 
75 
96 
60 
54 
58 
61 
56 
65 
73 
85 
85 
93 
94 
88 
85 
81 
103 
100 
107 
142 
139 
113 
100 
127 
159 
171 
169 
161 
149 
137 
104 
90 
104 
135 
173 
178 
130 
98 
116 
124 
105 
113 
191 
155 
111 
115 
125 
119 
118 
134 
134 
125 
121 
122 
141 
148 
140 
126 
115 
106 
99 
98 
95 
92 
98 
95 
88 
89 
90 
91 
87 
80 
84 
87 
89 
82 
73 
75 
71 
66 
65 
52 
52 
52 
54 
55 
62 
76 
79 
85 
92 
93 
86 
81 
92 
95 
117 
146 
192 
200 
175 
140 
106 
97 
103 
110 
108 
113 
121 
105 
98 
115 
118 
102 
119 
130 
108 
99 
108 
94 
92 
149 
199 
155 
111 
114 
115 
114 
129 
135 
128 
122 
122 
129 
140 
145 
138 
131 
123 
110 
96 
101 
104 
97 
94 
93 
84 
83 
86 
85 
82 
89 
97 
91 
100 
88 
75 
66 
69 
59 
63 
52 
54 
54 
60 
69 
85 
91 
94 
106 
107 
104 
104 
105 
119 
117 
185 
220 
214 
215 
213 
198 
155 
103 
92 
104 
97 
102 
115 
101 
103 
141 
155 
129 
95 
92 
92 
98 
109 
99 
97 
159 
192 
147 
96 
102 
111 
112 
123 
124 
111 
110 
115 
124 
135 
148 
146 
135 
118 
107 
102 
103 
101 
98 
96 
86 
80 
77 
82 
81 
71 
78 
93 
106 
108 
92 
75 
66 
63 
55 
66 
50 
53 
60 
71 
97 
107 
110 
113 
119 
115 
113 
116 
120 
127 
171 
221 
223 
211 
210 
210 
205 
178 
119 
100 
116 
110 
107 
106 
96 
104 
142 
158 
138 
98 
90 
98 
115 
108 
88 
89 
155 
182 
140 
76 
91 
97 
109 
106 
110 
112 
120 
119 
119 
134 
144 
138 
132 
115 
110 
120 
121 
98 
87 
64 
54 
56 
57 
64 
61 
60 
85 
124 
136 
135 
118 
92 
79 
66 
58 
51 
54 
61 
65 
86 
106 
115 
120 
125 
135 
125 
124 
130 
141 
166 
207 
217 
215 
214 
206 
204 
199 
181 
130 
93 
96 
106 
130 
142 
123 
101 
123 
133 
120 
91 
110 
138 
170 
164 
119 
89 
129 
161 
123 
69 
105 
87 
96 
91 
105 
109 
109 
107 
119 
131 
126 
128 
128 
120 
108 
107 
99 
96 
84 
66 
53 
43 
35 
42 
47 
82 
124 
142 
137 
136 
128 
113 
102 
86 
76 
65 
70 
84 
93 
111 
118 
122 
125 
131 
133 
144 
173 
190 
159 
134 
162 
186 
196 
202 
202 
197 
183 
142 
97 
85 
89 
110 
133 
144 
127 
96 
95 
97 
93 
103 
158 
182 
190 
184 
153 
107 
84 
123 
99 
87 
119 
69 
72 
81 
86 
92 
94 
105 
116 
124 
123 
129 
126 
116 
116 
116 
112 
110 
107 
111 
107 
92 
67 
54 
70 
130 
140 
130 
121 
121 
121 
123 
122 
114 
102 
87 
80 
95 
111 
123 
120 
119 
122 
129 
127 
164 
183 
139 
108 
91 
103 
124 
145 
169 
175 
155 
130 
97 
88 
91 
86 
97 
116 
123 
107 
94 
101 
91 
87 
124 
172 
191 
191 
184 
164 
126 
68 
78 
73 
69 
55 
44 
65 
69 
76 
83 
89 
105 
115 
121 
121 
116 
111 
140 
122 
119 
116 
118 
126 
129 
140 
144 
135 
112 
108 
142 
138 
132 
127 
118 
110 
119 
129 
129 
121 
111 
105 
116 
122 
125 
124 
130 
132 
133 
153 
187 
169 
149 
114 
87 
84 
85 
100 
120 
118 
98 
90 
91 
107 
113 
98 
84 
91 
95 
87 
89 
98 
89 
85 
125 
166 
184 
184 
178 
152 
118 
74 
52 
48 
94 
65 
41 
47 
63 
71 
84 
95 
110 
119 
118 
111 
107 
105 
119 
114 
123 
125 
118 
117 
120 
131 
137 
141 
122 
107 
122 
124 
128 
127 
121 
111 
121 
127 
127 
121 
112 
102 
119 
124 
124 
125 
122 
132 
174 
207 
211 
206 
190 
155 
106 
84 
92 
92 
91 
86 
81 
85 
98 
118 
126 
109 
86 
85 
85 
88 
87 
81 
74 
76 
117 
155 
167 
165 
157 
127 
103 
68 
44 
33 
43 
39 
36 
42 
70 
84 
91 
97 
109 
115 
119 
109 
106 
106 
108 
116 
122 
123 
117 
113 
120 
127 
130 
135 
115 
110 
113 
115 
131 
130 
111 
110 
133 
145 
124 
110 
101 
100 
112 
135 
128 
128 
144 
186 
212 
207 
201 
203 
193 
168 
116 
86 
97 
92 
89 
100 
99 
89 
94 
111 
119 
102 
89 
104 
118 
122 
112 
84 
56 
66 
99 
130 
134 
128 
121 
104 
84 
54 
37 
27 
47 
34 
31 
54 
91 
93 
92 
98 
109 
104 
102 
99 
98 
92 
98 
115 
119 
124 
119 
111 
113 
119 
124 
128 
124 
128 
109 
110 
120 
122 
76 
101 
144 
133 
100 
98 
99 
93 
101 
117 
132 
170 
162 
193 
210 
201 
182 
189 
184 
161 
118 
87 
85 
84 
97 
120 
124 
99 
84 
97 
98 
99 
124 
148 
165 
160 
139 
102 
56 
56 
75 
95 
101 
98 
88 
82 
57 
35 
33 
25 
48 
44 
37 
55 
83 
73 
73 
84 
95 
92 
95 
91 
87 
84 
92 
101 
113 
121 
120 
110 
106 
110 
117 
125 
136 
162 
126 
82 
69 
92 
99 
118 
129 
122 
103 
110 
88 
93 
88 
102 
156 
148 
122 
160 
192 
197 
185 
176 
169 
148 
111 
86 
78 
82 
102 
116 
114 
95 
84 
97 
97 
122 
162 
169 
174 
169 
149 
107 
60 
42 
45 
62 
77 
76 
68 
55 
34 
34 
35 
24 
48 
67 
54 
56 
61 
47 
43 
64 
85 
84 
95 
109 
78 
81 
94 
106 
116 
119 
119 
111 
105 
107 
113 
121 
136 
145 
121 
134 
62 
85 
124 
130 
130 
114 
104 
94 
75 
91 
79 
110 
126 
100 
93 
118 
153 
173 
170 
160 
143 
120 
93 
87 
82 
78 
92 
102 
99 
82 
76 
86 
91 
121 
154 
168 
175 
169 
138 
104 
61 
37 
35 
41 
50 
46 
39 
32 
32 
31 
34 
28 
31 
37 
58 
68 
56 
35 
40 
56 
73 
91 
79 
75 
79 
96 
108 
116 
115 
116 
117 
112 
103 
107 
116 
121 
123 
129 
104 
85 
56 
83 
116 
121 
123 
119 
77 
73 
92 
92 
98 
102 
101 
97 
85 
88 
109 
132 
134 
123 
104 
90 
85 
96 
90 
80 
79 
79 
78 
73 
79 
80 
78 
105 
141 
156 
159 
150 
116 
93 
55 
38 
35 
34 
33 
32 
31 
30 
30 
33 
38 
33 
29 
31 
33 
60 
48 
44 
46 
56 
62 
71 
56 
75 
82 
97 
113 
119 
115 
120 
118 
110 
113 
115 
114 
117 
122 
113 
116 
82 
47 
68 
96 
110 
104 
106 
84 
100 
117 
121 
107 
90 
92 
93 
82 
79 
82 
91 
91 
87 
78 
79 
90 
96 
85 
81 
93 
98 
91 
80 
73 
66 
65 
89 
120 
132 
128 
112 
99 
76 
45 
39 
33 
30 
31 
30 
29 
31 
35 
41 
47 
36 
30 
30 
31 
31 
45 
35 
34 
38 
50 
45 
53 
74 
90 
99 
109 
113 
111 
115 
115 
114 
120 
121 
119 
119 
121 
119 
113 
95 
52 
53 
79 
99 
101 
101 
109 
150 
174 
160 
132 
100 
79 
77 
81 
90 
84 
82 
82 
82 
77 
75 
83 
84 
82 
98 
133 
146 
131 
107 
78 
53 
51 
71 
92 
101 
96 
84 
74 
57 
44 
35 
32 
31 
31 
30 
33 
40 
45 
51 
55 
39 
31 
30 
33 
33 
45 
31 
29 
29 
33 
32 
49 
84 
92 
92 
96 
111 
105 
109 
104 
109 
121 
118 
120 
121 
118 
134 
121 
97 
59 
50 
65 
93 
119 
129 
171 
197 
198 
190 
166 
124 
90 
77 
84 
95 
86 
84 
97 
98 
86 
72 
70 
75 
92 
130 
163 
162 
152 
131 
97 
59 
45 
52 
65 
73 
70 
77 
80 
64 
37 
33 
32 
30 
31 
35 
44 
53 
56 
58 
58 
41 
35 
30 
31 
32 
29 
30 
29 
30 
30 
32 
39 
71 
62 
85 
92 
103 
100 
105 
94 
89 
102 
102 
104 
111 
107 
115 
125 
109 
68 
51 
63 
101 
130 
166 
190 
193 
195 
190 
175 
136 
99 
80 
81 
84 
77 
88 
102 
104 
91 
73 
65 
79 
111 
149 
167 
167 
151 
128 
98 
64 
39 
38 
47 
62 
86 
99 
81 
51 
33 
32 
31 
31 
38 
43 
49 
56 
59 
59 
57 
43 
34 
32 
34 
34 
32 
33 
30 
31 
29 
29 
36 
58 
47 
75 
91 
99 
104 
107 
96 
90 
85 
84 
88 
93 
108 
115 
121 
119 
87 
61 
88 
119 
137 
181 
184 
177 
179 
178 
164 
134 
97 
84 
86 
84 
77 
86 
94 
95 
84 
69 
64 
77 
110 
145 
159 
157 
138 
108 
87 
58 
43 
48 
84 
126 
126 
101 
76 
46 
29 
30 
31 
37 
45 
47 
48 
47 
55 
58 
57 
44 
37 
48 
51 
52 
52 
47 
41 
40 
33 
31 
36 
40 
41 
65 
96 
104 
112 
106 
92 
107 
110 
114 
125 
130 
136 
124 
127 
130 
98 
85 
113 
119 
134 
170 
176 
171 
165 
160 
148 
119 
87 
81 
88 
85 
76 
76 
75 
71 
64 
60 
59 
69 
98 
128 
132 
126 
110 
93 
75 
68 
84 
111 
140 
131 
117 
92 
57 
33 
31 
32 
35 
42 
46 
48 
49 
46 
52 
56 
60 
44 
57 
71 
90 
107 
95 
82 
73 
70 
55 
40 
36 
36 
56 
59 
91 
106 
119 
106 
90 
113 
118 
121 
129 
141 
143 
137 
134 
127 
136 
148 
127 
94 
103 
132 
154 
156 
148 
141 
121 
92 
77 
75 
79 
82 
90 
97 
84 
70 
61 
63 
61 
58 
76 
99 
96 
92 
83 
77 
81 
123 
142 
142 
137 
134 
110 
79 
48 
39 
35 
34 
39 
44 
44 
49 
52 
53 
54 
55 
56 
41 
112 
118 
132 
138 
128 
121 
118 
112 
92 
79 
64 
53 
61 
67 
94 
107 
120 
110 
88 
111 
101 
109 
106 
117 
133 
135 
119 
112 
158 
124 
88 
76 
79 
95 
115 
120 
118 
109 
91 
74 
72 
77 
94 
114 
134 
136 
112 
86 
66 
59 
57 
47 
49 
60 
68 
63 
62 
85 
113 
127 
133 
137 
135 
126 
107 
75 
42 
41 
39 
39 
44 
45 
47 
47 
50 
54 
57 
57 
56 
42 
131 
133 
142 
144 
142 
142 
141 
136 
126 
128 
108 
100 
86 
70 
95 
108 
122 
119 
95 
120 
98 
104 
84 
97 
118 
109 
105 
132 
138 
108 
85 
74 
71 
74 
83 
88 
85 
77 
73 
74 
75 
97 
129 
153 
163 
155 
133 
103 
69 
47 
48 
41 
36 
40 
46 
57 
83 
120 
132 
130 
122 
130 
126 
109 
88 
56 
37 
38 
37 
42 
42 
45 
49 
47 
53 
56 
57 
58 
58 
42 
127 
139 
146 
140 
143 
149 
148 
142 
138 
136 
122 
115 
103 
76 
86 
107 
116 
105 
92 
114 
97 
68 
49 
58 
80 
118 
163 
183 
176 
141 
105 
78 
71 
76 
79 
75 
71 
76 
80 
77 
76 
111 
145 
163 
164 
157 
130 
101 
65 
42 
39 
35 
39 
60 
81 
100 
103 
109 
113 
127 
116 
117 
119 
105 
78 
48 
32 
36 
38 
41 
42 
45 
52 
51 
52 
53 
53 
57 
56 
39 
125 
134 
145 
138 
143 
152 
157 
145 
135 
132 
132 
110 
91 
74 
81 
96 
105 
94 
92 
102 
96 
76 
56 
60 
110 
174 
183 
184 
176 
158 
129 
94 
80 
88 
91 
79 
72 
78 
79 
71 
75 
111 
145 
159 
153 
141 
112 
89 
61 
41 
38 
40 
63 
81 
95 
110 
106 
106 
109 
107 
108 
102 
108 
100 
64 
40 
33 
36 
38 
38 
43 
47 
51 
50 
52 
52 
52 
55 
55 
39 
125 
124 
131 
116 
151 
145 
147 
140 
131 
129 
123 
97 
76 
66 
79 
88 
94 
102 
84 
96 
93 
112 
146 
135 
149 
175 
177 
175 
171 
161 
134 
98 
79 
85 
85 
78 
68 
66 
64 
63 
71 
101 
133 
142 
128 
112 
94 
77 
55 
43 
44 
52 
74 
80 
85 
106 
100 
94 
99 
94 
92 
84 
87 
80 
55 
38 
33 
33 
39 
35 
43 
45 
48 
48 
55 
55 
53 
52 
49 
36 
145 
144 
130 
110 
115 
118 
136 
114 
117 
121 
105 
85 
75 
72 
84 
91 
102 
107 
81 
83 
92 
141 
146 
110 
130 
158 
165 
162 
154 
144 
118 
89 
78 
88 
90 
87 
77 
64 
55 
59 
61 
82 
103 
106 
92 
86 
76 
59 
46 
46 
50 
62 
78 
81 
96 
98 
93 
99 
102 
94 
88 
84 
76 
61 
50 
42 
35 
31 
38 
43 
43 
45 
42 
43 
49 
49 
52 
53 
48 
36 
149 
158 
144 
130 
114 
107 
108 
96 
97 
93 
83 
80 
79 
67 
76 
85 
110 
110 
86 
87 
101 
106 
84 
79 
96 
125 
136 
135 
127 
120 
96 
80 
98 
116 
120 
113 
96 
76 
60 
54 
48 
56 
68 
72 
63 
58 
52 
45 
45 
51 
53 
68 
81 
77 
84 
87 
88 
101 
99 
96 
95 
88 
74 
60 
45 
37 
37 
34 
39 
33 
30 
39 
34 
35 
44 
44 
44 
46 
48 
36 
148 
160 
134 
134 
110 
100 
91 
91 
84 
82 
85 
86 
74 
58 
81 
86 
108 
117 
130 
141 
139 
119 
91 
76 
77 
89 
101 
103 
97 
84 
74 
91 
124 
140 
144 
129 
105 
78 
53 
42 
40 
41 
44 
47 
46 
49 
56 
60 
57 
58 
69 
81 
83 
80 
77 
88 
93 
119 
102 
97 
103 
98 
83 
62 
46 
37 
37 
34 
34 
31 
29 
32 
35 
32 
37 
39 
43 
48 
53 
35 
135 
125 
115 
129 
108 
96 
91 
89 
80 
81 
85 
81 
70 
64 
85 
115 
151 
155 
166 
169 
164 
140 
108 
86 
73 
73 
73 
73 
73 
67 
76 
103 
133 
144 
137 
123 
102 
76 
50 
38 
38 
40 
40 
37 
32 
47 
63 
60 
63 
82 
105 
111 
112 
110 
89 
83 
83 
98 
104 
104 
102 
99 
78 
57 
49 
36 
31 
31 
32 
34 
32 
35 
33 
30 
34 
47 
41 
48 
52 
34 
123 
123 
119 
115 
92 
91 
85 
88 
92 
113 
103 
89 
85 
85 
99 
144 
139 
156 
160 
163 
156 
139 
114 
87 
77 
78 
67 
64 
65 
63 
73 
98 
124 
131 
126 
109 
87 
68 
43 
38 
42 
44 
38 
32 
31 
54 
75 
78 
95 
114 
111 
110 
115 
115 
105 
78 
67 
86 
97 
99 
97 
92 
73 
57 
49 
36 
33 
33 
34 
35 
36 
32 
33 
31 
32 
60 
44 
45 
49 
34 
107 
113 
105 
85 
80 
97 
97 
99 
116 
117 
81 
89 
116 
123 
117 
118 
103 
125 
148 
147 
135 
124 
101 
82 
89 
90 
83 
71 
63 
58 
67 
85 
103 
108 
104 
89 
77 
57 
36 
39 
42 
39 
30 
29 
44 
73 
95 
107 
111 
112 
105 
108 
114 
115 
125 
108 
85 
91 
112 
103 
96 
90 
80 
65 
48 
34 
34 
33 
32 
32 
38 
30 
33 
34 
28 
39 
37 
41 
45 
35 
91 
99 
93 
76 
87 
105 
109 
109 
108 
91 
115 
148 
166 
169 
160 
147 
116 
95 
108 
119 
115 
98 
87 
106 
123 
121 
107 
84 
64 
55 
57 
64 
76 
75 
72 
70 
58 
39 
32 
33 
29 
28 
26 
30 
48 
76 
100 
106 
108 
109 
107 
113 
113 
113 
123 
122 
101 
86 
94 
95 
98 
93 
83 
70 
49 
36 
36 
32 
53 
46 
38 
35 
33 
34 
37 
40 
43 
44 
44 
34 
90 
86 
74 
84 
101 
111 
106 
109 
119 
136 
161 
171 
165 
169 
160 
146 
132 
100 
84 
86 
85 
77 
96 
132 
141 
129 
110 
83 
58 
47 
44 
43 
48 
47 
47 
45 
35 
29 
27 
26 
25 
26 
25 
32 
48 
67 
92 
99 
108 
110 
103 
106 
102 
105 
114 
109 
103 
93 
85 
91 
94 
87 
77 
70 
53 
40 
32 
26 
36 
43 
38 
40 
37 
40 
42 
43 
45 
44 
43 
34 
83 
87 
72 
85 
106 
113 
111 
128 
167 
177 
179 
178 
164 
149 
142 
131 
117 
100 
96 
89 
74 
70 
101 
130 
135 
126 
104 
77 
53 
38 
35 
36 
36 
36 
35 
32 
29 
26 
25 
24 
24 
25 
26 
33 
45 
61 
77 
84 
93 
99 
95 
91 
90 
103 
105 
102 
96 
98 
88 
96 
88 
73 
67 
62 
54 
41 
34 
28 
26 
35 
43 
42 
41 
44 
44 
44 
48 
47 
43 
32 
93 
91 
78 
82 
98 
104 
109 
151 
173 
169 
186 
177 
155 
127 
111 
110 
103 
121 
135 
120 
88 
67 
85 
111 
116 
107 
90 
69 
47 
35 
36 
37 
40 
39 
32 
27 
25 
25 
25 
25 
24 
25 
34 
50 
57 
58 
63 
61 
72 
83 
91 
86 
86 
99 
103 
108 
99 
95 
95 
99 
77 
69 
63 
59 
47 
38 
36 
30 
34 
35 
40 
40 
43 
44 
48 
48 
50 
47 
43 
30 
112 
112 
113 
127 
98 
112 
109 
153 
165 
186 
193 
188 
159 
123 
112 
112 
111 
139 
140 
121 
93 
62 
65 
89 
91 
83 
75 
59 
40 
36 
37 
33 
35 
31 
25 
26 
25 
26 
27 
27 
26 
27 
40 
59 
70 
67 
56 
55 
66 
75 
82 
81 
91 
104 
102 
107 
103 
88 
80 
81 
69 
79 
84 
76 
51 
39 
34 
34 
36 
36 
38 
39 
37 
41 
47 
49 
47 
46 
45 
29 
118 
113 
115 
108 
94 
108 
103 
135 
162 
185 
187 
180 
164 
141 
140 
144 
123 
130 
132 
116 
86 
55 
52 
72 
70 
62 
54 
46 
44 
41 
34 
28 
27 
26 
26 
26 
25 
25 
30 
31 
30 
30 
34 
48 
59 
62 
63 
63 
65 
69 
77 
74 
86 
99 
104 
102 
102 
91 
82 
77 
75 
82 
90 
76 
51 
39 
28 
38 
39 
33 
34 
35 
33 
37 
42 
44 
44 
44 
43 
31 
125 
117 
111 
107 
112 
107 
112 
115 
157 
177 
174 
164 
156 
139 
141 
144 
116 
111 
116 
104 
77 
49 
41 
48 
45 
40 
46 
59 
58 
46 
36 
29 
28 
28 
28 
27 
25 
24 
28 
32 
36 
35 
30 
36 
42 
51 
65 
64 
64 
65 
71 
71 
73 
75 
87 
99 
101 
94 
88 
91 
93 
94 
83 
70 
51 
38 
28 
30 
36 
31 
33 
31 
32 
31 
42 
40 
44 
43 
39 
31 
128 
116 
113 
123 
122 
123 
107 
96 
130 
146 
138 
134 
131 
119 
121 
128 
101 
84 
84 
77 
60 
45 
48 
48 
41 
49 
77 
90 
71 
60 
49 
47 
42 
36 
32 
29 
28 
28 
31 
33 
33 
28 
25 
29 
31 
43 
52 
54 
67 
70 
72 
70 
74 
64 
70 
92 
97 
96 
89 
91 
99 
111 
103 
75 
55 
35 
26 
29 
28 
30 
30 
27 
26 
27 
33 
36 
42 
41 
37 
28 
138 
111 
114 
122 
128 
121 
109 
107 
111 
98 
89 
93 
94 
97 
106 
100 
78 
64 
63 
57 
49 
67 
94 
97 
87 
98 
106 
93 
86 
89 
62 
72 
69 
44 
34 
30 
28 
30 
32 
32 
26 
24 
23 
25 
25 
31 
40 
55 
69 
72 
76 
72 
76 
75 
74 
77 
87 
86 
80 
87 
94 
98 
91 
81 
60 
41 
28 
26 
31 
31 
23 
24 
24 
27 
29 
42 
46 
41 
39 
24 
111 
123 
131 
128 
132 
124 
115 
101 
92 
79 
72 
77 
81 
78 
74 
70 
55 
44 
41 
45 
65 
92 
98 
90 
88 
103 
100 
81 
69 
63 
50 
61 
53 
40 
34 
28 
27 
28 
28 
29 
26 
24 
26 
25 
24 
28 
35 
41 
61 
63 
67 
74 
80 
79 
76 
74 
80 
76 
74 
77 
85 
84 
78 
73 
60 
41 
30 
25 
26 
26 
23 
22 
24 
28 
35 
51 
33 
36 
35 
22 
134 
139 
132 
134 
127 
122 
115 
102 
95 
91 
81 
78 
80 
58 
54 
55 
64 
65 
59 
68 
87 
92 
86 
84 
81 
83 
72 
64 
61 
54 
45 
45 
47 
45 
55 
31 
25 
37 
35 
31 
26 
22 
32 
25 
23 
23 
29 
30 
45 
69 
76 
76 
78 
76 
69 
73 
77 
69 
65 
68 
75 
83 
73 
59 
51 
35 
31 
25 
23 
24 
24 
23 
22 
31 
31 
34 
29 
28 
28 
19 
144 
138 
129 
133 
120 
121 
114 
99 
92 
101 
96 
77 
55 
48 
55 
63 
88 
99 
101 
99 
95 
96 
85 
104 
91 
70 
59 
55 
53 
55 
32 
37 
48 
42 
43 
23 
22 
34 
59 
102 
27 
20 
23 
21 
22 
24 
30 
27 
36 
56 
60 
66 
78 
89 
76 
74 
70 
59 
63 
70 
72 
80 
82 
66 
50 
34 
29 
26 
25 
24 
25 
24 
21 
24 
21 
22 
22 
23 
24 
17 
141 
135 
128 
127 
121 
119 
107 
98 
100 
104 
107 
109 
90 
93 
93 
91 
95 
104 
106 
100 
92 
87 
75 
72 
47 
40 
37 
29 
32 
29 
29 
28 
33 
25 
23 
20 
23 
24 
27 
28 
22 
21 
22 
22 
21 
22 
23 
25 
36 
55 
65 
63 
77 
101 
89 
79 
71 
60 
62 
72 
75 
78 
76 
67 
54 
41 
27 
24 
25 
25 
29 
29 
23 
22 
21 
24 
22 
22 
23 
17 
136 
124 
122 
126 
110 
109 
103 
102 
101 
98 
99 
93 
99 
101 
95 
92 
98 
102 
103 
95 
83 
73 
65 
57 
38 
32 
27 
24 
25 
28 
29 
21 
23 
22 
22 
22 
21 
21 
21 
21 
21 
21 
20 
21 
21 
22 
23 
31 
44 
61 
63 
69 
68 
84 
86 
75 
67 
58 
55 
63 
67 
69 
60 
54 
45 
36 
28 
27 
22 
37 
28 
25 
23 
22 
22 
25 
24 
24 
22 
20 
125 
117 
119 
106 
105 
136 
114 
107 
102 
94 
94 
94 
99 
97 
96 
102 
91 
94 
101 
88 
84 
68 
65 
55 
43 
36 
31 
28 
24 
22 
21 
20 
18 
21 
21 
21 
21 
20 
20 
20 
20 
20 
19 
19 
20 
22 
24 
24 
44 
60 
46 
61 
61 
64 
76 
65 
58 
46 
42 
52 
55 
56 
52 
44 
50 
44 
30 
24 
24 
39 
33 
27 
28 
27 
31 
32 
33 
28 
29 
23 
112 
121 
115 
103 
133 
139 
108 
106 
111 
108 
110 
108 
118 
117 
108 
117 
103 
103 
93 
100 
96 
78 
66 
56 
51 
43 
34 
31 
26 
22 
25 
24 
19 
20 
20 
20 
20 
21 
21 
21 
21 
20 
20 
20 
21 
21 
23 
28 
74 
103 
53 
58 
65 
61 
59 
57 
48 
40 
35 
35 
37 
45 
44 
41 
40 
33 
26 
22 
23 
21 
28 
29 
29 
27 
30 
31 
51 
36 
31 
23 
112 
124 
105 
114 
126 
117 
109 
114 
115 
119 
120 
119 
131 
119 
119 
135 
126 
118 
113 
107 
99 
79 
62 
52 
44 
35 
24 
26 
23 
21 
21 
19 
19 
19 
19 
20 
20 
19 
19 
19 
19 
21 
20 
21 
22 
21 
23 
25 
53 
77 
61 
73 
69 
63 
59 
56 
45 
32 
28 
28 
31 
30 
25 
32 
29 
23 
23 
22 
21 
22 
24 
26 
23 
25 
28 
23 
30 
28 
29 
22 
104 
108 
98 
107 
114 
122 
123 
121 
119 
120 
118 
118 
121 
115 
125 
136 
133 
129 
128 
116 
97 
89 
67 
55 
48 
34 
25 
22 
20 
20 
20 
19 
19 
19 
19 
20 
20 
19 
19 
19 
19 
19 
20 
20 
21 
22 
22 
24 
43 
58 
53 
72 
80 
59 
58 
53 
39 
29 
29 
32 
24 
26 
24 
23 
28 
28 
22 
23 
20 
20 
22 
22 
22 
22 
22 
23 
22 
23 
24 
17 
99 
97 
96 
97 
112 
125 
129 
128 
122 
118 
114 
112 
112 
109 
120 
124 
119 
121 
121 
110 
102 
96 
76 
64 
48 
32 
25 
22 
20 
20 
19 
18 
18 
19 
20 
20 
19 
18 
18 
19 
19 
20 
20 
21 
21 
20 
23 
23 
42 
54 
56 
51 
63 
53 
40 
36 
27 
26 
24 
23 
25 
25 
24 
22 
28 
28 
19 
24 
20 
21 
22 
22 
21 
20 
21 
24 
23 
22 
20 
17 
101 
94 
97 
109 
112 
114 
125 
130 
122 
117 
110 
107 
103 
103 
116 
113 
106 
109 
100 
97 
102 
77 
70 
57 
38 
29 
26 
21 
21 
19 
18 
18 
18 
20 
20 
19 
18 
17 
18 
19 
20 
20 
21 
22 
22 
22 
23 
23 
39 
50 
62 
54 
38 
47 
41 
33 
27 
25 
23 
22 
24 
24 
23 
21 
24 
22 
23 
19 
20 
23 
23 
22 
21 
20 
20 
23 
22 
21 
23 
22 
95 
96 
101 
107 
103 
111 
124 
130 
122 
114 
104 
99 
98 
107 
117 
110 
97 
89 
83 
78 
70 
60 
53 
42 
30 
26 
25 
21 
22 
19 
18 
17 
17 
20 
19 
19 
18 
17 
18 
20 
21 
20 
21 
22 
22 
21 
21 
26 
49 
51 
55 
38 
28 
44 
40 
26 
25 
25 
23 
24 
22 
24 
23 
21 
23 
21 
21 
20 
21 
21 
21 
20 
20 
22 
21 
21 
20 
20 
26 
26 
