148 
146 
143 
149 
161 
148 
145 
140 
154 
147 
155 
160 
154 
153 
148 
151 
154 
148 
142 
151 
145 
142 
134 
136 
142 
132 
131 
137 
130 
136 
128 
133 
164 
186 
191 
182 
184 
180 
178 
174 
167 
172 
170 
168 
170 
169 
190 
185 
164 
138 
131 
134 
134 
148 
141 
143 
144 
137 
144 
151 
146 
147 
143 
95 
154 
158 
150 
158 
161 
151 
141 
144 
148 
157 
154 
161 
155 
161 
155 
144 
140 
139 
139 
150 
150 
146 
134 
142 
146 
140 
135 
123 
125 
126 
127 
157 
180 
180 
170 
177 
171 
163 
164 
150 
157 
155 
154 
159 
164 
178 
174 
181 
194 
169 
137 
126 
139 
131 
133 
144 
139 
136 
139 
154 
142 
141 
134 
101 
149 
155 
156 
154 
145 
146 
143 
133 
132 
146 
139 
135 
141 
143 
135 
133 
133 
136 
142 
142 
148 
151 
138 
135 
147 
143 
136 
140 
131 
134 
164 
186 
182 
155 
165 
178 
158 
140 
143 
145 
143 
155 
154 
162 
166 
158 
168 
188 
188 
188 
176 
141 
139 
129 
127 
128 
127 
126 
133 
138 
138 
136 
133 
95 
151 
139 
141 
148 
153 
142 
133 
128 
130 
131 
137 
137 
130 
136 
137 
130 
137 
145 
147 
147 
138 
145 
148 
144 
138 
130 
129 
119 
129 
146 
176 
153 
118 
109 
137 
143 
157 
114 
124 
144 
144 
158 
160 
165 
166 
160 
164 
162 
184 
175 
193 
177 
131 
130 
127 
128 
125 
120 
127 
135 
138 
137 
131 
93 
148 
143 
148 
135 
129 
141 
130 
123 
127 
123 
136 
142 
148 
150 
145 
149 
150 
144 
143 
147 
141 
143 
145 
151 
149 
146 
140 
148 
148 
171 
122 
93 
115 
124 
109 
91 
106 
98 
117 
132 
136 
139 
145 
161 
164 
169 
160 
162 
152 
173 
183 
178 
134 
130 
130 
130 
132 
127 
131 
123 
133 
136 
134 
96 
142 
148 
146 
142 
136 
141 
143 
140 
145 
147 
150 
164 
160 
166 
157 
154 
153 
143 
142 
142 
128 
139 
145 
148 
141 
139 
140 
139 
149 
159 
93 
115 
142 
133 
124 
111 
79 
65 
87 
97 
100 
89 
90 
105 
139 
169 
163 
169 
164 
166 
182 
178 
158 
134 
122 
124 
141 
146 
142 
141 
139 
142 
131 
94 
139 
142 
143 
132 
140 
136 
126 
139 
143 
147 
152 
150 
140 
145 
130 
136 
138 
138 
147 
142 
142 
154 
152 
142 
147 
144 
135 
140 
185 
128 
108 
122 
125 
120 
109 
105 
88 
64 
76 
78 
95 
86 
76 
87 
93 
104 
141 
156 
158 
156 
166 
170 
165 
141 
134 
137 
135 
133 
135 
128 
133 
136 
134 
99 
138 
133 
137 
138 
138 
144 
136 
140 
144 
140 
133 
139 
138 
122 
132 
141 
148 
148 
152 
155 
150 
145 
142 
134 
133 
131 
133 
146 
164 
119 
117 
113 
106 
104 
103 
101 
100 
80 
94 
96 
97 
87 
87 
110 
98 
62 
71 
112 
150 
154 
166 
181 
200 
198 
136 
128 
131 
137 
142 
141 
137 
128 
125 
97 
131 
134 
141 
133 
146 
145 
136 
130 
136 
135 
124 
126 
140 
142 
144 
145 
145 
125 
131 
145 
139 
139 
143 
134 
128 
126 
134 
136 
136 
103 
100 
91 
92 
93 
139 
132 
103 
82 
102 
103 
96 
93 
85 
92 
89 
81 
66 
63 
86 
135 
154 
172 
176 
180 
146 
134 
130 
129 
134 
132 
129 
134 
134 
92 
136 
132 
128 
124 
138 
137 
142 
139 
135 
137 
149 
142 
140 
142 
144 
145 
145 
133 
136 
132 
146 
140 
140 
136 
136 
129 
136 
143 
143 
97 
94 
86 
73 
71 
71 
124 
118 
82 
109 
126 
137 
117 
85 
72 
87 
92 
85 
75 
67 
88 
140 
146 
165 
188 
144 
139 
126 
125 
123 
131 
123 
133 
128 
96 
127 
113 
121 
124 
130 
137 
132 
120 
129 
141 
141 
138 
142 
144 
146 
148 
151 
145 
134 
141 
137 
138 
137 
143 
147 
141 
142 
158 
162 
131 
123 
118 
94 
69 
50 
67 
107 
69 
116 
151 
114 
67 
39 
42 
66 
80 
83 
88 
105 
94 
129 
151 
161 
182 
146 
133 
134 
129 
131 
127 
136 
135 
130 
111 
125 
135 
137 
141 
136 
139 
132 
143 
136 
128 
139 
137 
147 
143 
153 
143 
140 
136 
144 
144 
149 
134 
135 
137 
136 
146 
139 
148 
151 
133 
133 
132 
100 
81 
83 
101 
100 
62 
116 
145 
63 
58 
58 
70 
58 
77 
88 
94 
108 
107 
127 
139 
156 
169 
151 
136 
132 
131 
128 
124 
118 
125 
133 
100 
134 
134 
151 
152 
151 
149 
148 
138 
130 
131 
134 
132 
134 
142 
148 
142 
139 
130 
134 
137 
137 
134 
125 
134 
137 
145 
141 
142 
141 
134 
132 
133 
122 
101 
94 
72 
104 
88 
144 
154 
64 
63 
105 
82 
73 
81 
89 
101 
124 
130 
127 
140 
159 
158 
148 
140 
131 
134 
124 
128 
126 
120 
134 
89 
151 
148 
151 
155 
150 
138 
143 
141 
136 
142 
135 
132 
129 
130 
129 
134 
135 
113 
120 
130 
121 
120 
125 
127 
138 
144 
155 
134 
123 
130 
127 
137 
129 
114 
96 
87 
133 
86 
153 
172 
108 
61 
77 
79 
90 
105 
118 
117 
121 
127 
130 
141 
158 
157 
125 
127 
130 
133 
136 
132 
120 
124 
116 
97 
148 
149 
141 
141 
146 
143 
132 
133 
141 
142 
140 
148 
138 
146 
139 
133 
132 
128 
141 
144 
128 
130 
124 
136 
138 
154 
141 
126 
144 
140 
141 
131 
139 
127 
111 
147 
144 
80 
143 
187 
172 
120 
118 
114 
115 
132 
134 
126 
113 
134 
132 
152 
168 
168 
136 
135 
131 
142 
140 
137 
128 
126 
121 
94 
145 
145 
139 
142 
137 
134 
129 
133 
134 
132 
139 
122 
135 
138 
131 
131 
134 
138 
136 
133 
124 
128 
132 
137 
150 
146 
132 
140 
156 
140 
145 
133 
135 
134 
133 
182 
129 
109 
129 
169 
203 
184 
135 
128 
131 
142 
139 
135 
117 
116 
122 
152 
179 
168 
136 
143 
139 
139 
140 
137 
135 
133 
124 
91 
135 
144 
144 
130 
134 
133 
132 
130 
126 
133 
146 
141 
136 
133 
125 
126 
123 
128 
125 
122 
139 
128 
117 
121 
133 
127 
130 
162 
156 
133 
138 
133 
118 
114 
142 
163 
90 
137 
123 
131 
188 
196 
157 
133 
136 
125 
135 
125 
129 
114 
119 
136 
160 
145 
131 
142 
125 
130 
140 
140 
135 
126 
123 
91 
141 
139 
142 
146 
145 
143 
136 
136 
138 
134 
136 
143 
140 
143 
137 
137 
131 
136 
128 
137 
140 
137 
121 
99 
107 
111 
107 
147 
160 
156 
142 
132 
100 
94 
116 
116 
85 
136 
83 
87 
125 
161 
146 
133 
119 
128 
112 
120 
125 
121 
118 
142 
138 
138 
128 
141 
139 
130 
133 
130 
142 
123 
136 
101 
130 
129 
131 
130 
131 
136 
135 
148 
133 
126 
142 
134 
137 
131 
141 
141 
137 
135 
127 
122 
118 
144 
129 
137 
105 
114 
105 
124 
149 
134 
115 
140 
103 
87 
127 
130 
97 
95 
66 
70 
96 
128 
126 
119 
105 
113 
107 
100 
109 
103 
115 
125 
147 
128 
128 
131 
136 
140 
145 
137 
140 
137 
142 
99 
136 
144 
145 
144 
137 
142 
148 
145 
135 
135 
135 
136 
130 
130 
137 
144 
145 
131 
130 
121 
132 
137 
131 
126 
133 
127 
101 
110 
114 
89 
109 
118 
131 
126 
127 
119 
95 
65 
64 
84 
116 
140 
149 
108 
79 
92 
106 
127 
120 
100 
116 
114 
124 
120 
119 
116 
127 
133 
143 
133 
137 
144 
139 
102 
142 
132 
126 
118 
128 
124 
133 
139 
146 
139 
125 
136 
143 
150 
142 
136 
130 
132 
141 
109 
141 
112 
135 
126 
128 
133 
115 
108 
88 
119 
153 
108 
122 
146 
151 
165 
136 
92 
62 
92 
121 
134 
152 
119 
83 
103 
114 
82 
98 
86 
111 
109 
117 
117 
115 
115 
125 
118 
125 
114 
130 
134 
131 
91 
135 
129 
129 
119 
117 
134 
140 
135 
139 
120 
122 
129 
131 
143 
133 
131 
128 
131 
113 
101 
108 
122 
149 
130 
123 
125 
111 
111 
80 
122 
142 
126 
67 
110 
150 
191 
189 
115 
81 
144 
189 
176 
163 
137 
121 
120 
101 
70 
98 
114 
105 
124 
126 
121 
112 
107 
104 
113 
119 
127 
140 
128 
125 
90 
133 
121 
120 
137 
143 
140 
120 
118 
115 
126 
146 
135 
125 
129 
127 
123 
120 
143 
139 
126 
122 
121 
133 
135 
118 
105 
119 
133 
106 
89 
90 
91 
59 
64 
85 
110 
127 
96 
99 
167 
204 
197 
193 
154 
119 
86 
72 
70 
77 
102 
114 
131 
119 
122 
125 
121 
120 
121 
130 
134 
135 
138 
143 
104 
128 
134 
135 
139 
137 
137 
125 
121 
119 
137 
134 
135 
123 
122 
117 
126 
113 
139 
126 
99 
114 
98 
154 
123 
98 
95 
100 
116 
126 
95 
70 
72 
69 
63 
66 
62 
56 
62 
62 
103 
77 
126 
126 
76 
64 
64 
66 
72 
69 
100 
121 
125 
127 
133 
139 
130 
124 
127 
138 
130 
138 
137 
136 
113 
141 
133 
134 
130 
130 
130 
135 
131 
138 
139 
133 
131 
127 
134 
123 
126 
136 
139 
103 
94 
113 
112 
123 
84 
119 
93 
109 
83 
106 
114 
78 
63 
80 
86 
87 
74 
54 
48 
47 
49 
52 
51 
75 
60 
76 
83 
77 
91 
102 
121 
136 
129 
130 
134 
133 
132 
134 
144 
142 
132 
145 
136 
147 
123 
140 
135 
142 
142 
143 
125 
131 
140 
142 
139 
134 
139 
130 
126 
101 
82 
81 
83 
57 
83 
111 
96 
110 
77 
130 
118 
94 
129 
155 
146 
108 
70 
77 
81 
100 
97 
66 
64 
68 
57 
76 
74 
113 
102 
86 
122 
130 
108 
130 
129 
139 
139 
145 
132 
129 
137 
133 
139 
133 
128 
137 
141 
142 
103 
148 
137 
146 
141 
119 
121 
139 
139 
146 
142 
129 
118 
131 
115 
107 
96 
66 
68 
69 
88 
70 
105 
88 
71 
134 
100 
104 
134 
168 
188 
113 
72 
78 
72 
77 
98 
65 
85 
90 
88 
126 
111 
114 
131 
91 
100 
138 
164 
134 
125 
136 
132 
137 
135 
139 
140 
142 
141 
138 
132 
138 
140 
147 
96 
137 
147 
150 
144 
132 
129 
132 
136 
137 
124 
126 
115 
125 
93 
112 
116 
111 
92 
100 
96 
74 
94 
59 
95 
128 
89 
107 
136 
179 
168 
89 
74 
64 
68 
80 
79 
68 
92 
101 
124 
127 
90 
81 
115 
62 
81 
132 
147 
125 
131 
130 
131 
135 
135 
139 
139 
145 
148 
147 
148 
148 
143 
143 
112 
120 
132 
138 
138 
128 
127 
120 
127 
131 
127 
131 
147 
126 
96 
97 
137 
162 
104 
104 
121 
103 
99 
79 
105 
142 
116 
98 
122 
169 
138 
81 
66 
79 
73 
73 
68 
76 
97 
82 
121 
100 
59 
61 
101 
100 
104 
102 
128 
131 
127 
124 
135 
126 
131 
130 
133 
138 
127 
129 
127 
147 
150 
149 
110 
120 
139 
130 
115 
125 
128 
129 
134 
125 
126 
122 
134 
102 
124 
98 
144 
129 
115 
125 
132 
147 
120 
78 
98 
137 
91 
91 
108 
141 
89 
80 
58 
65 
67 
58 
51 
64 
67 
75 
109 
102 
65 
63 
96 
94 
106 
103 
167 
131 
120 
125 
132 
130 
129 
131 
127 
130 
117 
130 
129 
139 
135 
140 
101 
133 
145 
122 
123 
122 
122 
116 
137 
127 
129 
126 
122 
120 
133 
116 
105 
115 
112 
109 
144 
167 
135 
90 
152 
110 
72 
68 
106 
87 
71 
87 
65 
53 
75 
63 
53 
91 
107 
91 
102 
79 
59 
80 
88 
108 
105 
107 
156 
129 
114 
127 
124 
122 
127 
120 
116 
127 
122 
124 
132 
124 
131 
123 
89 
106 
126 
134 
140 
130 
137 
134 
136 
135 
142 
146 
131 
143 
152 
119 
124 
127 
122 
84 
167 
155 
161 
109 
138 
82 
66 
70 
68 
55 
49 
75 
66 
50 
67 
102 
125 
155 
161 
117 
74 
65 
83 
105 
123 
109 
96 
117 
154 
143 
128 
135 
134 
128 
136 
127 
129 
132 
128 
127 
130 
120 
124 
115 
94 
134 
157 
154 
149 
142 
134 
137 
135 
140 
140 
143 
138 
134 
116 
105 
135 
141 
116 
98 
126 
86 
104 
82 
79 
65 
64 
68 
66 
57 
61 
85 
60 
50 
76 
99 
109 
141 
159 
130 
90 
128 
150 
122 
128 
102 
113 
130 
148 
141 
136 
127 
131 
120 
123 
123 
130 
119 
133 
126 
135 
119 
121 
127 
100 
145 
151 
130 
134 
124 
126 
113 
126 
139 
137 
130 
137 
127 
110 
96 
99 
164 
105 
89 
64 
61 
66 
77 
68 
64 
62 
60 
47 
49 
70 
72 
52 
51 
64 
82 
116 
147 
129 
127 
113 
162 
134 
136 
91 
103 
94 
144 
155 
143 
136 
120 
128 
135 
131 
128 
128 
125 
121 
127 
125 
118 
117 
121 
100 
135 
139 
133 
125 
117 
108 
124 
120 
124 
133 
135 
120 
128 
105 
94 
103 
150 
108 
80 
55 
66 
91 
65 
67 
66 
59 
59 
65 
60 
92 
66 
51 
43 
67 
101 
131 
134 
115 
106 
143 
122 
111 
134 
116 
104 
129 
165 
148 
138 
146 
146 
134 
137 
145 
145 
144 
136 
130 
124 
119 
125 
127 
128 
100 
143 
143 
140 
128 
126 
120 
127 
125 
126 
130 
130 
137 
111 
66 
113 
86 
97 
93 
70 
51 
84 
68 
56 
78 
65 
60 
58 
63 
68 
79 
55 
43 
59 
105 
117 
134 
145 
127 
160 
163 
93 
125 
103 
121 
81 
147 
134 
139 
136 
141 
139 
147 
144 
139 
139 
133 
137 
130 
139 
131 
137 
135 
132 
92 
136 
135 
139 
124 
119 
123 
135 
130 
120 
121 
128 
114 
95 
88 
95 
75 
119 
98 
75 
57 
114 
60 
68 
71 
64 
57 
48 
40 
44 
51 
43 
46 
105 
116 
129 
156 
166 
159 
165 
150 
105 
148 
107 
97 
99 
153 
126 
131 
147 
156 
141 
151 
138 
141 
117 
113 
129 
127 
130 
146 
154 
133 
137 
99 
115 
124 
135 
122 
124 
119 
112 
120 
123 
128 
119 
101 
126 
115 
82 
91 
93 
92 
63 
77 
94 
67 
91 
70 
54 
45 
47 
46 
44 
75 
52 
52 
116 
132 
133 
156 
145 
159 
149 
99 
110 
143 
102 
120 
114 
138 
134 
144 
132 
140 
142 
153 
141 
135 
137 
128 
140 
132 
124 
122 
125 
115 
127 
91 
117 
130 
132 
126 
129 
126 
133 
117 
114 
111 
108 
101 
154 
74 
105 
101 
62 
77 
71 
70 
55 
64 
77 
75 
43 
54 
61 
64 
60 
74 
46 
75 
114 
119 
122 
122 
145 
148 
85 
78 
119 
150 
145 
131 
127 
132 
141 
128 
141 
146 
134 
149 
146 
147 
143 
147 
139 
136 
120 
105 
106 
115 
116 
90 
136 
132 
135 
126 
137 
128 
117 
124 
122 
126 
115 
95 
106 
111 
107 
86 
109 
85 
67 
58 
54 
49 
47 
59 
42 
47 
50 
67 
69 
40 
34 
39 
78 
102 
111 
140 
160 
108 
75 
115 
123 
163 
174 
153 
97 
123 
129 
132 
142 
142 
124 
129 
129 
132 
131 
134 
121 
121 
123 
119 
132 
128 
125 
89 
123 
132 
113 
120 
125 
112 
108 
126 
133 
130 
96 
66 
90 
145 
85 
78 
113 
82 
80 
69 
68 
60 
48 
54 
40 
49 
40 
42 
32 
28 
26 
42 
81 
90 
134 
146 
134 
99 
112 
96 
139 
121 
172 
122 
92 
134 
132 
136 
139 
144 
133 
132 
123 
131 
134 
135 
136 
123 
125 
117 
119 
133 
129 
85 
120 
127 
126 
109 
121 
113 
117 
132 
133 
128 
72 
68 
79 
92 
79 
125 
125 
84 
81 
75 
66 
62 
49 
43 
29 
59 
47 
30 
28 
38 
48 
91 
102 
124 
141 
145 
106 
94 
81 
92 
105 
93 
157 
100 
105 
123 
137 
148 
143 
143 
132 
136 
149 
150 
152 
142 
135 
140 
139 
123 
112 
122 
130 
93 
129 
133 
146 
135 
139 
132 
141 
127 
135 
88 
54 
62 
64 
65 
94 
112 
100 
97 
94 
99 
102 
103 
43 
44 
30 
60 
50 
44 
38 
56 
93 
111 
114 
148 
144 
138 
109 
81 
66 
88 
89 
78 
149 
146 
155 
138 
148 
134 
136 
140 
135 
127 
134 
136 
141 
136 
137 
128 
115 
123 
128 
132 
141 
111 
123 
117 
124 
142 
145 
140 
129 
124 
106 
55 
67 
48 
77 
63 
54 
53 
56 
112 
103 
96 
91 
46 
31 
31 
35 
80 
61 
32 
53 
92 
102 
102 
136 
143 
153 
135 
81 
110 
68 
84 
104 
102 
120 
138 
172 
190 
152 
132 
128 
125 
141 
135 
134 
137 
132 
135 
133 
132 
128 
125 
127 
129 
132 
107 
127 
126 
119 
127 
132 
122 
124 
108 
81 
63 
72 
61 
61 
53 
54 
47 
53 
85 
77 
56 
36 
27 
21 
26 
35 
69 
44 
39 
67 
102 
100 
110 
121 
144 
137 
87 
95 
136 
77 
99 
100 
140 
78 
96 
116 
170 
195 
152 
127 
120 
130 
122 
132 
129 
137 
118 
115 
125 
128 
126 
130 
126 
133 
101 
128 
132 
135 
123 
122 
127 
112 
90 
83 
54 
49 
73 
57 
46 
37 
50 
39 
50 
51 
41 
25 
24 
25 
35 
48 
52 
58 
67 
92 
109 
105 
109 
119 
145 
96 
69 
143 
157 
107 
144 
98 
133 
80 
87 
79 
120 
184 
194 
126 
123 
115 
119 
140 
143 
130 
118 
118 
108 
116 
129 
122 
112 
123 
85 
127 
128 
129 
130 
130 
126 
114 
100 
100 
55 
46 
54 
34 
28 
35 
49 
57 
40 
27 
24 
24 
27 
42 
52 
52 
58 
69 
89 
105 
119 
104 
114 
128 
125 
69 
92 
165 
158 
144 
132 
109 
93 
70 
88 
83 
89 
149 
198 
175 
128 
143 
129 
128 
134 
118 
123 
121 
117 
127 
123 
114 
125 
128 
89 
122 
121 
130 
122 
129 
129 
92 
103 
73 
40 
48 
48 
35 
32 
34 
45 
46 
31 
24 
27 
26 
25 
26 
34 
41 
51 
67 
75 
125 
113 
101 
107 
107 
80 
62 
128 
173 
158 
152 
146 
125 
80 
62 
75 
96 
88 
108 
187 
197 
143 
134 
124 
106 
110 
116 
119 
120 
128 
128 
133 
126 
130 
132 
93 
125 
123 
130 
128 
130 
120 
112 
115 
48 
31 
51 
67 
62 
46 
40 
37 
26 
24 
27 
29 
26 
25 
29 
26 
25 
43 
59 
86 
129 
112 
98 
98 
92 
76 
84 
141 
165 
164 
148 
151 
113 
71 
84 
80 
86 
93 
108 
185 
206 
150 
118 
105 
108 
116 
130 
133 
143 
125 
132 
125 
132 
136 
125 
100 
120 
129 
123 
117 
119 
114 
119 
102 
63 
35 
57 
102 
95 
62 
60 
51 
46 
42 
42 
38 
35 
33 
42 
37 
32 
32 
48 
88 
116 
122 
100 
88 
86 
92 
93 
135 
165 
169 
152 
141 
79 
68 
79 
93 
88 
104 
109 
191 
200 
149 
116 
104 
120 
125 
131 
141 
128 
128 
134 
140 
143 
137 
137 
108 
132 
132 
125 
121 
116 
112 
116 
119 
112 
61 
90 
107 
128 
81 
72 
73 
72 
67 
62 
60 
67 
48 
65 
52 
46 
42 
45 
76 
116 
142 
113 
97 
97 
93 
88 
117 
154 
170 
133 
107 
68 
68 
89 
76 
86 
90 
149 
194 
195 
151 
126 
118 
134 
122 
120 
128 
132 
132 
132 
132 
137 
141 
136 
102 
125 
121 
117 
104 
110 
114 
112 
128 
124 
106 
121 
93 
137 
132 
95 
65 
63 
79 
74 
60 
65 
70 
56 
55 
61 
51 
53 
58 
104 
143 
131 
104 
112 
112 
116 
114 
135 
126 
80 
77 
80 
71 
87 
91 
120 
107 
184 
197 
172 
130 
123 
121 
116 
117 
122 
132 
139 
138 
141 
137 
132 
132 
139 
112 
135 
141 
140 
124 
132 
126 
132 
123 
134 
125 
126 
91 
100 
143 
140 
96 
68 
85 
77 
74 
78 
72 
65 
51 
65 
59 
56 
53 
69 
127 
136 
109 
126 
136 
144 
118 
86 
53 
58 
76 
93 
95 
87 
93 
118 
166 
192 
181 
133 
121 
118 
125 
110 
114 
144 
143 
137 
132 
127 
131 
132 
145 
135 
115 
132 
129 
154 
153 
137 
135 
133 
118 
126 
132 
136 
109 
70 
95 
144 
142 
107 
89 
74 
55 
71 
79 
75 
71 
68 
62 
71 
62 
69 
108 
137 
124 
126 
139 
134 
95 
53 
51 
50 
77 
88 
88 
90 
117 
160 
183 
171 
124 
108 
120 
118 
114 
113 
112 
142 
137 
123 
112 
125 
130 
124 
150 
148 
101 
136 
128 
139 
128 
123 
125 
144 
133 
139 
133 
132 
127 
83 
58 
86 
131 
155 
135 
106 
79 
68 
64 
83 
72 
74 
77 
69 
65 
75 
90 
99 
125 
114 
112 
103 
73 
65 
64 
62 
69 
95 
101 
111 
163 
171 
151 
109 
95 
115 
117 
105 
115 
123 
117 
128 
135 
132 
135 
136 
126 
129 
144 
144 
102 
117 
130 
138 
136 
131 
125 
123 
123 
112 
102 
108 
115 
97 
62 
52 
77 
107 
146 
155 
137 
116 
93 
85 
74 
73 
74 
74 
67 
65 
74 
80 
88 
100 
110 
86 
63 
78 
73 
91 
91 
92 
97 
109 
143 
122 
87 
86 
107 
120 
122 
118 
108 
107 
114 
122 
130 
135 
137 
142 
144 
126 
122 
124 
99 
114 
113 
131 
134 
122 
126 
126 
119 
122 
105 
110 
121 
109 
86 
55 
51 
57 
76 
95 
125 
143 
146 
135 
116 
107 
99 
89 
82 
80 
76 
75 
78 
87 
106 
103 
103 
117 
130 
146 
149 
131 
89 
100 
118 
94 
78 
93 
128 
126 
117 
111 
112 
113 
101 
123 
125 
133 
134 
132 
138 
135 
131 
126 
101 
127 
109 
134 
123 
122 
121 
114 
114 
110 
119 
121 
115 
126 
122 
86 
55 
48 
52 
58 
61 
80 
98 
117 
132 
135 
138 
137 
141 
135 
137 
133 
137 
141 
145 
146 
150 
145 
137 
128 
108 
86 
53 
76 
88 
126 
85 
109 
119 
124 
119 
117 
116 
124 
124 
130 
130 
127 
131 
123 
132 
129 
126 
129 
95 
130 
117 
122 
120 
121 
112 
112 
109 
119 
124 
131 
144 
134 
135 
122 
86 
54 
46 
46 
50 
55 
55 
56 
61 
69 
74 
85 
96 
98 
108 
113 
117 
116 
109 
101 
89 
81 
71 
70 
64 
53 
55 
94 
89 
95 
107 
125 
119 
129 
122 
123 
117 
119 
125 
131 
124 
126 
129 
124 
129 
138 
139 
126 
91 
127 
129 
137 
128 
125 
117 
125 
119 
117 
122 
128 
130 
136 
129 
126 
104 
92 
65 
44 
41 
45 
45 
43 
47 
53 
51 
53 
51 
51 
56 
58 
59 
64 
58 
62 
55 
54 
53 
52 
51 
43 
58 
92 
95 
123 
130 
119 
127 
122 
120 
112 
125 
123 
128 
135 
126 
117 
116 
129 
126 
127 
117 
111 
90 
127 
121 
117 
118 
120 
116 
121 
98 
110 
123 
127 
120 
129 
115 
110 
110 
119 
103 
82 
59 
43 
41 
40 
38 
39 
44 
40 
45 
42 
40 
39 
41 
44 
42 
47 
42 
41 
48 
41 
41 
50 
76 
95 
95 
100 
126 
129 
123 
125 
120 
113 
123 
130 
109 
131 
138 
135 
124 
119 
128 
135 
132 
134 
98 
117 
120 
122 
110 
108 
113 
117 
135 
130 
121 
124 
133 
129 
136 
116 
98 
100 
101 
99 
104 
101 
73 
52 
43 
39 
39 
42 
36 
38 
35 
34 
36 
35 
37 
36 
39 
42 
46 
61 
82 
113 
109 
117 
121 
147 
149 
145 
119 
126 
124 
122 
124 
120 
120 
116 
130 
134 
130 
120 
128 
132 
118 
151 
101 
119 
105 
108 
112 
110 
118 
118 
129 
129 
124 
113 
116 
119 
125 
112 
110 
100 
87 
94 
101 
111 
113 
114 
105 
87 
79 
49 
41 
38 
38 
42 
44 
40 
50 
66 
74 
78 
100 
113 
106 
109 
101 
115 
124 
125 
130 
140 
129 
126 
114 
117 
129 
127 
121 
121 
122 
118 
112 
124 
131 
120 
124 
115 
81 
82 
79 
83 
79 
74 
80 
85 
91 
82 
90 
82 
83 
85 
84 
90 
80 
89 
80 
82 
86 
89 
87 
87 
100 
81 
80 
40 
30 
26 
25 
26 
27 
32 
58 
95 
92 
78 
86 
88 
86 
85 
84 
85 
87 
75 
80 
94 
97 
93 
90 
82 
84 
94 
89 
89 
86 
89 
94 
102 
91 
75 
83 
78 
57 
