255 
255 
255 
255 
255 
255 
255 
254 
254 
253 
254 
254 
254 
254 
254 
254 
253 
254 
254 
253 
253 
254 
253 
253 
253 
254 
254 
253 
253 
254 
253 
254 
254 
253 
254 
254 
253 
253 
254 
254 
255 
255 
255 
255 
255 
255 
255 
255 
255 
191 
255 
255 
255 
255 
255 
255 
255 
254 
254 
254 
254 
254 
254 
254 
254 
254 
254 
254 
254 
254 
253 
253 
253 
253 
254 
254 
254 
253 
253 
253 
254 
253 
254 
254 
254 
254 
254 
254 
254 
254 
254 
255 
255 
255 
255 
255 
255 
255 
255 
191 
255 
255 
255 
255 
255 
255 
255 
254 
254 
254 
254 
254 
254 
254 
254 
254 
254 
253 
254 
254 
253 
252 
251 
249 
249 
249 
250 
252 
253 
253 
253 
253 
254 
254 
254 
254 
253 
253 
254 
253 
254 
255 
255 
255 
255 
255 
255 
255 
255 
191 
255 
255 
255 
255 
255 
255 
255 
254 
253 
254 
254 
253 
254 
254 
253 
252 
253 
250 
238 
214 
185 
159 
142 
132 
128 
129 
136 
151 
173 
201 
228 
247 
252 
253 
253 
253 
254 
254 
254 
253 
254 
255 
255 
255 
255 
255 
255 
255 
255 
191 
255 
255 
255 
255 
255 
255 
255 
254 
254 
253 
254 
254 
253 
253 
251 
245 
211 
157 
113 
92 
82 
79 
80 
81 
99 
84 
81 
80 
81 
86 
102 
133 
184 
231 
249 
253 
253 
253 
253 
254 
255 
255 
255 
255 
255 
255 
255 
255 
255 
191 
255 
255 
255 
255 
255 
255 
255 
254 
253 
254 
253 
253 
252 
247 
208 
137 
93 
80 
81 
81 
80 
81 
81 
88 
186 
119 
81 
82 
81 
80 
80 
80 
84 
110 
172 
235 
251 
253 
252 
253 
254 
255 
255 
255 
255 
255 
255 
255 
255 
191 
255 
255 
255 
255 
255 
255 
255 
254 
254 
253 
253 
252 
226 
152 
93 
80 
80 
81 
81 
81 
81 
87 
89 
128 
238 
178 
93 
90 
84 
80 
81 
80 
81 
81 
84 
120 
203 
247 
252 
252 
255 
255 
255 
255 
255 
255 
255 
255 
255 
191 
254 
254 
254 
254 
254 
254 
254 
254 
253 
252 
249 
202 
113 
81 
81 
81 
80 
81 
80 
81 
93 
172 
211 
229 
250 
243 
218 
202 
116 
81 
80 
80 
81 
80 
81 
81 
94 
163 
238 
253 
254 
254 
254 
254 
254 
254 
254 
254 
255 
191 
254 
254 
253 
254 
253 
254 
254 
253 
253 
246 
182 
96 
81 
80 
81 
81 
81 
80 
81 
81 
81 
114 
212 
251 
251 
251 
238 
147 
85 
81 
81 
81 
81 
81 
81 
81 
80 
86 
141 
231 
252 
253 
253 
254 
254 
253 
254 
254 
255 
191 
255 
254 
254 
254 
253 
253 
253 
252 
246 
175 
91 
81 
80 
81 
81 
81 
81 
107 
97 
81 
80 
81 
134 
246 
251 
251 
193 
86 
80 
82 
91 
112 
88 
81 
81 
80 
81 
80 
82 
130 
229 
251 
252 
253 
254 
254 
253 
254 
255 
191 
255 
254 
254 
254 
253 
253 
254 
250 
186 
91 
80 
81 
81 
80 
80 
81 
81 
163 
217 
157 
97 
81 
160 
248 
229 
244 
223 
101 
92 
147 
210 
211 
99 
81 
80 
81 
81 
80 
81 
82 
133 
235 
252 
253 
254 
254 
254 
254 
255 
191 
254 
254 
254 
254 
254 
253 
251 
208 
99 
81 
81 
81 
81 
80 
89 
108 
94 
116 
237 
248 
212 
148 
211 
180 
107 
150 
228 
177 
202 
245 
251 
180 
90 
112 
109 
81 
81 
81 
81 
80 
84 
151 
243 
253 
254 
254 
253 
254 
254 
191 
254 
254 
254 
254 
252 
253 
233 
121 
80 
81 
81 
80 
80 
80 
95 
197 
213 
173 
234 
253 
253 
246 
222 
147 
148 
152 
197 
248 
251 
251 
251 
200 
201 
225 
130 
81 
81 
80 
80 
81 
81 
89 
182 
250 
254 
253 
253 
253 
254 
191 
254 
254 
254 
254 
252 
249 
166 
124 
115 
82 
80 
80 
81 
81 
82 
135 
242 
250 
250 
253 
252 
252 
250 
248 
246 
249 
248 
251 
253 
253 
252 
251 
249 
192 
87 
81 
81 
80 
80 
81 
86 
130 
120 
222 
252 
252 
253 
253 
255 
191 
254 
254 
253 
252 
251 
219 
100 
156 
217 
108 
80 
81 
80 
81 
81 
90 
205 
251 
250 
242 
221 
195 
168 
149 
144 
142 
151 
172 
200 
228 
246 
252 
242 
124 
81 
80 
80 
81 
81 
84 
160 
227 
111 
153 
247 
253 
253 
253 
255 
191 
254 
254 
254 
253 
248 
154 
83 
167 
249 
181 
85 
81 
82 
81 
80 
81 
155 
223 
176 
126 
103 
96 
146 
190 
207 
202 
174 
120 
95 
108 
143 
197 
205 
94 
81 
81 
81 
80 
81 
116 
235 
236 
110 
96 
215 
252 
253 
253 
255 
191 
254 
254 
254 
253 
226 
102 
86 
201 
252 
226 
105 
113 
151 
177 
164 
104 
96 
110 
113 
114 
121 
186 
245 
252 
252 
252 
250 
234 
143 
133 
105 
117 
102 
88 
139 
174 
165 
129 
92 
160 
250 
244 
125 
81 
158 
250 
253 
254 
255 
191 
254 
254 
253 
252 
179 
83 
112 
234 
252 
246 
211 
234 
249 
247 
192 
122 
106 
143 
126 
156 
110 
186 
200 
234 
252 
243 
215 
196 
164 
123 
145 
152 
116 
125 
153 
231 
249 
243 
209 
224 
251 
251 
172 
82 
109 
234 
253 
253 
255 
191 
254 
253 
253 
246 
130 
84 
173 
250 
251 
251 
251 
252 
246 
174 
97 
151 
118 
164 
138 
134 
101 
149 
121 
136 
239 
164 
114 
141 
123 
93 
178 
130 
162 
159 
125 
126 
223 
250 
252 
251 
250 
252 
226 
106 
87 
203 
252 
254 
255 
191 
254 
253 
253 
227 
101 
121 
235 
252 
252 
252 
251 
248 
183 
90 
114 
165 
142 
148 
164 
122 
108 
131 
120 
110 
222 
120 
107 
125 
130 
85 
183 
125 
190 
133 
169 
83 
125 
232 
252 
252 
252 
252 
250 
177 
86 
165 
251 
254 
254 
191 
253 
254 
253 
200 
96 
201 
251 
251 
249 
233 
219 
194 
99 
80 
151 
154 
172 
134 
173 
126 
133 
174 
176 
184 
238 
154 
173 
170 
155 
88 
185 
117 
196 
125 
187 
90 
82 
149 
221 
230 
242 
251 
253 
240 
132 
134 
248 
253 
254 
191 
253 
254 
252 
172 
154 
244 
243 
208 
149 
107 
94 
89 
81 
81 
165 
156 
171 
138 
159 
156 
165 
250 
250 
243 
217 
222 
249 
251 
208 
104 
189 
108 
195 
119 
196 
97 
81 
85 
96 
102 
124 
182 
235 
250 
212 
128 
238 
253 
255 
191 
253 
254 
252 
149 
130 
162 
130 
95 
105 
132 
103 
80 
81 
80 
150 
170 
141 
176 
122 
195 
151 
248 
250 
236 
185 
215 
250 
252 
179 
133 
176 
114 
194 
118 
206 
97 
81 
81 
86 
123 
120 
96 
114 
160 
159 
113 
227 
253 
254 
191 
254 
254 
252 
148 
84 
86 
111 
175 
226 
227 
124 
80 
81 
81 
126 
198 
109 
207 
114 
194 
150 
227 
242 
177 
156 
160 
226 
243 
136 
188 
132 
165 
167 
137 
201 
88 
80 
81 
88 
193 
233 
204 
134 
89 
81 
100 
224 
252 
254 
191 
253 
253 
252 
228 
192 
198 
226 
206 
141 
109 
84 
81 
80 
81 
105 
213 
113 
190 
158 
144 
185 
160 
243 
204 
137 
171 
238 
189 
130 
207 
113 
213 
127 
180 
161 
82 
81 
80 
81 
98 
126 
176 
221 
204 
179 
205 
247 
253 
254 
191 
254 
253 
251 
216 
206 
188 
136 
95 
90 
85 
80 
81 
80 
81 
93 
214 
134 
155 
202 
112 
209 
110 
169 
237 
244 
244 
199 
103 
167 
183 
125 
220 
108 
208 
129 
80 
80 
81 
81 
82 
88 
86 
111 
166 
205 
207 
241 
253 
255 
191 
253 
254 
250 
150 
87 
86 
110 
172 
207 
118 
81 
80 
81 
80 
94 
211 
128 
146 
204 
106 
212 
111 
90 
120 
143 
135 
99 
82 
186 
163 
128 
217 
106 
204 
139 
81 
82 
79 
81 
87 
181 
195 
135 
93 
86 
99 
221 
253 
255 
191 
254 
254 
253 
199 
150 
184 
225 
210 
164 
95 
80 
80 
80 
81 
124 
200 
100 
181 
157 
121 
207 
102 
178 
195 
168 
190 
204 
113 
157 
190 
101 
205 
132 
151 
187 
87 
80 
81 
80 
82 
133 
189 
227 
208 
158 
158 
237 
254 
255 
191 
254 
254 
253 
249 
241 
215 
147 
93 
82 
81 
80 
81 
82 
89 
189 
138 
135 
192 
105 
188 
153 
126 
240 
252 
252 
252 
250 
185 
106 
201 
136 
134 
195 
108 
194 
134 
82 
80 
80 
81 
82 
85 
117 
189 
235 
247 
252 
253 
254 
191 
253 
254 
253 
226 
129 
97 
102 
153 
160 
84 
80 
81 
82 
143 
176 
115 
202 
120 
156 
193 
105 
207 
251 
253 
254 
253 
252 
244 
149 
130 
208 
113 
174 
169 
126 
201 
100 
80 
81 
80 
125 
173 
119 
90 
113 
184 
251 
254 
254 
191 
254 
254 
253 
236 
142 
158 
216 
217 
156 
84 
81 
80 
95 
197 
116 
181 
166 
111 
214 
122 
160 
246 
253 
253 
253 
253 
253 
253 
227 
110 
181 
183 
113 
216 
123 
178 
161 
81 
80 
81 
116 
200 
226 
179 
123 
189 
251 
253 
254 
191 
254 
254 
253 
252 
242 
226 
165 
101 
84 
81 
80 
81 
127 
194 
107 
217 
120 
148 
208 
102 
217 
252 
254 
253 
253 
253 
252 
253 
249 
147 
131 
223 
104 
194 
172 
130 
204 
88 
80 
81 
81 
89 
131 
204 
233 
246 
252 
253 
254 
191 
254 
254 
253 
253 
208 
105 
93 
147 
179 
95 
81 
98 
188 
195 
108 
218 
110 
154 
206 
101 
217 
251 
252 
253 
254 
253 
253 
252 
248 
141 
125 
221 
104 
182 
178 
117 
229 
146 
85 
82 
146 
162 
106 
92 
160 
250 
253 
253 
255 
191 
254 
254 
253 
253 
229 
153 
200 
226 
180 
123 
139 
208 
247 
215 
101 
200 
136 
117 
218 
116 
158 
248 
253 
254 
253 
253 
253 
253 
220 
105 
170 
185 
98 
202 
136 
139 
249 
239 
173 
123 
148 
208 
221 
166 
198 
252 
253 
253 
254 
191 
254 
254 
253 
253 
252 
245 
194 
115 
87 
180 
247 
251 
252 
242 
132 
133 
197 
101 
169 
193 
105 
195 
251 
253 
253 
253 
251 
240 
138 
134 
213 
116 
153 
187 
100 
202 
252 
250 
250 
225 
107 
95 
157 
230 
251 
252 
252 
252 
254 
191 
254 
254 
254 
253 
252 
240 
125 
120 
188 
233 
252 
252 
252 
247 
167 
87 
162 
178 
102 
191 
169 
111 
219 
252 
253 
252 
247 
165 
112 
211 
140 
124 
205 
109 
103 
219 
251 
253 
252 
244 
206 
151 
103 
196 
253 
252 
253 
253 
254 
191 
253 
254 
254 
254 
253 
250 
225 
229 
199 
168 
235 
251 
238 
170 
93 
80 
92 
192 
153 
109 
214 
121 
145 
248 
252 
252 
209 
98 
182 
174 
96 
193 
134 
83 
81 
115 
206 
246 
248 
178 
176 
227 
224 
243 
253 
253 
254 
253 
254 
191 
253 
253 
253 
253 
253 
253 
250 
195 
94 
104 
178 
186 
128 
85 
81 
94 
104 
127 
207 
97 
179 
165 
104 
232 
252 
251 
158 
104 
217 
115 
133 
188 
93 
113 
81 
81 
96 
149 
189 
128 
92 
136 
239 
252 
254 
253 
253 
254 
255 
191 
253 
254 
254 
253 
253 
253 
252 
234 
186 
216 
177 
87 
81 
80 
81 
115 
149 
108 
211 
102 
166 
175 
105 
234 
253 
251 
157 
113 
219 
106 
161 
180 
98 
155 
82 
80 
80 
81 
124 
214 
202 
207 
250 
252 
254 
254 
254 
254 
255 
191 
254 
255 
254 
254 
253 
252 
253 
253 
248 
163 
99 
84 
81 
80 
81 
151 
138 
129 
207 
98 
196 
148 
141 
248 
253 
252 
206 
106 
209 
133 
144 
211 
103 
179 
101 
81 
81 
82 
87 
128 
232 
252 
253 
253 
254 
254 
254 
254 
255 
191 
254 
255 
254 
254 
254 
254 
253 
253 
252 
217 
163 
177 
95 
80 
105 
178 
103 
192 
159 
120 
207 
112 
203 
252 
253 
252 
244 
140 
151 
192 
107 
208 
148 
138 
157 
84 
83 
152 
176 
191 
249 
252 
254 
254 
255 
255 
255 
255 
255 
191 
255 
255 
255 
255 
255 
255 
254 
254 
252 
253 
251 
203 
94 
85 
166 
123 
146 
203 
105 
192 
155 
136 
243 
252 
253 
252 
251 
209 
107 
204 
141 
135 
212 
111 
172 
120 
81 
146 
242 
251 
252 
254 
253 
254 
255 
255 
255 
255 
255 
191 
255 
255 
255 
255 
255 
255 
255 
254 
253 
252 
251 
230 
145 
128 
169 
106 
213 
133 
134 
213 
106 
199 
251 
253 
252 
253 
252 
245 
131 
147 
211 
101 
191 
173 
116 
180 
117 
193 
248 
253 
254 
254 
254 
254 
255 
255 
255 
255 
255 
191 
255 
255 
255 
255 
255 
255 
255 
254 
253 
252 
253 
251 
243 
228 
150 
147 
212 
95 
191 
177 
109 
235 
253 
254 
254 
253 
253 
253 
175 
107 
226 
132 
137 
219 
114 
208 
234 
250 
252 
253 
254 
254 
254 
254 
255 
254 
254 
255 
255 
191 
255 
255 
255 
255 
255 
255 
255 
254 
254 
253 
254 
253 
251 
252 
229 
220 
205 
97 
210 
159 
118 
242 
252 
253 
254 
254 
254 
252 
191 
99 
223 
152 
132 
238 
219 
246 
253 
253 
254 
254 
254 
255 
255 
255 
254 
254 
254 
255 
255 
191 
255 
255 
255 
255 
255 
255 
255 
254 
253 
253 
254 
254 
253 
252 
251 
251 
242 
200 
229 
184 
115 
231 
253 
252 
254 
254 
254 
252 
180 
127 
235 
217 
226 
251 
251 
253 
254 
253 
253 
253 
254 
255 
255 
255 
254 
254 
254 
254 
255 
191 
255 
255 
255 
255 
255 
255 
255 
254 
254 
253 
254 
254 
252 
253 
252 
252 
252 
251 
251 
242 
218 
243 
253 
253 
254 
254 
254 
253 
230 
233 
250 
252 
252 
252 
253 
253 
254 
254 
254 
254 
255 
255 
255 
255 
254 
254 
254 
255 
255 
191 
255 
255 
255 
255 
255 
255 
255 
255 
255 
254 
253 
254 
254 
253 
253 
253 
253 
252 
252 
252 
253 
252 
253 
253 
254 
254 
254 
254 
254 
253 
253 
253 
253 
254 
253 
254 
254 
254 
254 
254 
255 
255 
255 
255 
255 
255 
255 
255 
255 
191 
255 
255 
255 
255 
255 
255 
255 
255 
255 
254 
254 
254 
255 
254 
254 
255 
255 
254 
254 
254 
254 
254 
254 
254 
254 
255 
254 
255 
255 
254 
254 
255 
255 
255 
254 
255 
255 
255 
255 
255 
255 
255 
255 
255 
255 
255 
255 
255 
255 
191 
191 
191 
191 
191 
191 
191 
191 
191 
191 
191 
191 
191 
191 
191 
191 
191 
191 
191 
191 
191 
191 
191 
191 
191 
191 
191 
191 
191 
191 
191 
191 
191 
191 
191 
191 
191 
191 
191 
191 
191 
191 
191 
191 
191 
191 
191 
191 
191 
191 
143 
