78 
68 
78 
95 
128 
162 
190 
219 
232 
238 
238 
236 
234 
235 
232 
228 
226 
217 
220 
215 
205 
200 
174 
172 
191 
183 
162 
163 
172 
147 
151 
136 
135 
129 
122 
121 
120 
113 
123 
118 
127 
132 
124 
144 
142 
145 
147 
145 
144 
131 
108 
112 
104 
87 
88 
121 
102 
81 
62 
53 
62 
89 
100 
78 
105 
76 
69 
80 
91 
95 
107 
127 
170 
204 
211 
216 
215 
216 
215 
204 
191 
173 
170 
178 
182 
180 
172 
152 
150 
155 
143 
134 
130 
130 
116 
120 
123 
101 
96 
106 
109 
107 
107 
108 
114 
121 
117 
127 
135 
132 
135 
121 
118 
104 
94 
84 
84 
92 
124 
100 
69 
59 
53 
68 
88 
97 
101 
87 
168 
104 
80 
76 
76 
84 
92 
88 
91 
102 
125 
134 
149 
164 
180 
163 
160 
151 
145 
156 
150 
158 
157 
146 
120 
114 
119 
115 
114 
111 
106 
103 
112 
95 
86 
89 
93 
101 
95 
94 
99 
91 
90 
107 
110 
105 
104 
102 
91 
87 
92 
80 
73 
121 
111 
59 
48 
52 
76 
96 
95 
99 
103 
81 
211 
151 
107 
77 
70 
72 
91 
95 
81 
74 
60 
75 
96 
109 
146 
146 
126 
135 
135 
141 
137 
133 
131 
132 
121 
105 
108 
115 
114 
109 
94 
96 
99 
92 
82 
80 
85 
99 
98 
102 
101 
91 
87 
81 
82 
88 
92 
90 
71 
77 
96 
95 
100 
107 
61 
43 
41 
65 
95 
99 
100 
103 
103 
79 
227 
180 
150 
106 
78 
69 
68 
89 
96 
85 
64 
67 
90 
96 
113 
135 
135 
120 
126 
121 
125 
116 
117 
121 
125 
114 
112 
111 
106 
104 
86 
83 
94 
94 
90 
77 
79 
91 
93 
96 
99 
91 
89 
86 
85 
77 
72 
67 
60 
87 
110 
106 
88 
53 
38 
41 
56 
86 
96 
94 
98 
104 
103 
78 
236 
201 
174 
149 
103 
78 
62 
59 
85 
102 
91 
82 
85 
78 
95 
113 
116 
109 
109 
113 
107 
110 
107 
112 
106 
107 
107 
110 
99 
102 
76 
75 
84 
91 
89 
84 
80 
97 
102 
98 
89 
91 
87 
81 
73 
70 
63 
66 
88 
113 
114 
88 
48 
32 
37 
54 
76 
95 
102 
104 
91 
94 
103 
77 
241 
218 
177 
169 
137 
96 
74 
59 
65 
87 
101 
103 
80 
60 
73 
87 
95 
93 
93 
99 
106 
106 
107 
107 
99 
98 
102 
98 
93 
96 
64 
71 
76 
81 
88 
81 
73 
87 
93 
96 
82 
87 
86 
68 
68 
79 
103 
113 
124 
112 
85 
45 
28 
37 
54 
77 
98 
102 
99 
97 
85 
84 
88 
69 
238 
230 
189 
174 
160 
128 
88 
68 
57 
54 
76 
103 
95 
95 
78 
68 
74 
85 
98 
102 
99 
103 
94 
96 
93 
103 
101 
100 
92 
91 
70 
62 
70 
77 
79 
81 
75 
73 
88 
88 
75 
80 
72 
63 
73 
115 
130 
128 
115 
85 
43 
22 
33 
54 
70 
92 
104 
105 
97 
99 
76 
74 
89 
75 
237 
234 
212 
182 
170 
159 
123 
82 
70 
55 
50 
73 
97 
117 
125 
90 
80 
87 
101 
97 
90 
89 
91 
84 
91 
96 
89 
93 
100 
87 
79 
60 
63 
70 
68 
72 
74 
81 
87 
84 
78 
80 
72 
68 
92 
114 
108 
111 
93 
49 
21 
27 
40 
57 
77 
97 
108 
106 
100 
102 
77 
72 
97 
80 
235 
231 
222 
190 
172 
174 
160 
129 
101 
88 
67 
49 
68 
123 
134 
129 
109 
94 
87 
88 
86 
83 
83 
83 
88 
84 
91 
97 
102 
88 
79 
66 
64 
60 
66 
70 
70 
73 
83 
88 
85 
88 
80 
73 
81 
84 
66 
74 
58 
27 
21 
32 
46 
65 
86 
103 
112 
109 
101 
97 
86 
86 
102 
78 
234 
231 
226 
205 
182 
182 
171 
161 
140 
115 
103 
83 
54 
87 
123 
126 
125 
125 
111 
92 
86 
83 
85 
96 
99 
98 
104 
99 
83 
78 
68 
63 
66 
67 
76 
81 
74 
62 
80 
81 
80 
81 
76 
72 
68 
74 
46 
40 
23 
16 
22 
30 
52 
76 
93 
106 
109 
111 
97 
88 
87 
94 
92 
70 
236 
235 
233 
217 
197 
179 
165 
161 
151 
134 
106 
90 
81 
52 
81 
105 
105 
106 
91 
79 
86 
98 
92 
98 
102 
89 
98 
87 
82 
72 
70 
64 
69 
68 
61 
82 
77 
59 
70 
77 
63 
73 
70 
61 
60 
58 
51 
26 
14 
15 
20 
39 
47 
62 
87 
95 
102 
105 
97 
79 
79 
84 
79 
75 
240 
239 
239 
227 
200 
179 
170 
168 
167 
149 
120 
98 
76 
63 
54 
71 
77 
87 
102 
83 
79 
83 
91 
97 
102 
91 
91 
90 
88 
73 
71 
65 
64 
70 
73 
83 
82 
64 
66 
75 
62 
69 
62 
60 
51 
52 
53 
48 
27 
9 
19 
33 
35 
43 
63 
80 
91 
94 
82 
71 
76 
80 
79 
79 
240 
240 
240 
232 
205 
182 
174 
172 
162 
141 
114 
93 
80 
64 
57 
36 
54 
80 
94 
77 
87 
90 
89 
89 
90 
84 
80 
86 
87 
84 
75 
68 
70 
71 
75 
80 
80 
61 
68 
70 
59 
58 
52 
57 
49 
49 
51 
58 
55 
24 
15 
25 
34 
44 
57 
73 
85 
91 
81 
66 
65 
88 
98 
82 
235 
236 
237 
238 
223 
191 
173 
164 
150 
124 
97 
88 
87 
84 
63 
34 
44 
81 
98 
88 
81 
84 
93 
83 
87 
91 
90 
99 
94 
88 
87 
72 
72 
79 
75 
79 
70 
54 
75 
64 
60 
63 
51 
53 
42 
45 
45 
58 
54 
53 
33 
22 
37 
43 
51 
67 
77 
69 
48 
50 
67 
90 
101 
83 
231 
232 
232 
235 
229 
201 
177 
160 
142 
124 
108 
93 
93 
93 
62 
33 
52 
90 
90 
86 
76 
80 
100 
98 
83 
86 
90 
91 
80 
87 
87 
69 
70 
76 
71 
77 
68 
59 
67 
65 
60 
63 
61 
48 
46 
46 
38 
48 
53 
65 
52 
42 
48 
45 
53 
55 
51 
42 
36 
40 
62 
84 
96 
77 
225 
224 
227 
232 
231 
209 
182 
160 
147 
136 
127 
108 
90 
86 
71 
42 
64 
95 
88 
80 
76 
79 
92 
88 
91 
97 
87 
91 
73 
79 
80 
67 
63 
67 
74 
75 
63 
61 
63 
63 
54 
60 
71 
58 
49 
40 
38 
41 
46 
54 
58 
56 
37 
31 
34 
32 
30 
30 
32 
38 
51 
66 
69 
64 
218 
218 
223 
230 
234 
219 
191 
163 
144 
135 
126 
109 
96 
81 
61 
54 
85 
90 
73 
71 
74 
87 
85 
91 
106 
107 
90 
96 
90 
89 
79 
69 
59 
69 
66 
55 
52 
56 
48 
51 
59 
68 
73 
69 
61 
49 
42 
38 
45 
44 
53 
59 
57 
43 
37 
35 
33 
32 
32 
32 
35 
50 
64 
53 
215 
219 
226 
231 
237 
224 
191 
146 
106 
101 
101 
85 
80 
67 
59 
85 
93 
78 
71 
75 
83 
94 
93 
112 
112 
99 
86 
84 
78 
76 
68 
66 
73 
61 
67 
62 
47 
56 
53 
53 
61 
58 
63 
73 
69 
62 
51 
44 
46 
43 
40 
48 
57 
63 
55 
54 
42 
37 
32 
34 
36 
38 
52 
49 
210 
218 
229 
233 
234 
221 
188 
145 
106 
92 
89 
81 
74 
68 
89 
103 
96 
89 
81 
81 
86 
82 
105 
115 
113 
86 
81 
87 
89 
79 
69 
58 
57 
47 
50 
54 
47 
57 
56 
61 
61 
68 
60 
75 
74 
70 
64 
50 
45 
46 
49 
49 
45 
56 
67 
60 
51 
40 
33 
42 
47 
39 
57 
54 
212 
222 
232 
233 
232 
217 
179 
135 
109 
95 
87 
81 
83 
95 
121 
110 
103 
93 
82 
82 
84 
99 
114 
118 
122 
108 
94 
93 
94 
84 
74 
55 
48 
53 
51 
56 
46 
50 
51 
47 
54 
67 
54 
71 
81 
78 
77 
57 
50 
47 
46 
50 
55 
47 
58 
65 
55 
47 
38 
43 
58 
44 
44 
46 
222 
231 
236 
235 
230 
205 
160 
136 
125 
107 
97 
96 
104 
131 
120 
102 
99 
78 
95 
93 
104 
115 
118 
123 
109 
115 
106 
79 
79 
79 
72 
62 
49 
48 
53 
57 
40 
51 
51 
49 
61 
63 
53 
58 
71 
75 
77 
73 
59 
48 
45 
48 
53 
56 
47 
56 
70 
60 
52 
38 
43 
49 
36 
40 
232 
236 
235 
233 
225 
198 
144 
131 
130 
113 
98 
99 
129 
124 
104 
102 
100 
96 
89 
88 
103 
108 
123 
123 
112 
107 
103 
78 
79 
81 
65 
63 
52 
56 
50 
49 
47 
32 
27 
46 
58 
58 
67 
53 
63 
66 
71 
81 
72 
57 
46 
49 
49 
47 
50 
46 
62 
63 
62 
56 
27 
34 
37 
34 
235 
235 
231 
229 
226 
212 
187 
157 
136 
108 
99 
125 
143 
111 
96 
104 
98 
97 
94 
104 
125 
132 
125 
115 
108 
107 
104 
87 
84 
84 
73 
64 
58 
59 
50 
50 
46 
35 
42 
44 
55 
59 
65 
63 
72 
66 
68 
81 
70 
59 
41 
48 
54 
56 
47 
56 
55 
62 
54 
57 
60 
35 
22 
21 
233 
231 
228 
224 
217 
205 
169 
142 
135 
101 
107 
140 
122 
91 
94 
103 
104 
88 
86 
108 
124 
125 
121 
94 
102 
100 
91 
77 
84 
91 
82 
65 
62 
64 
52 
54 
59 
49 
52 
47 
55 
55 
48 
62 
62 
60 
68 
73 
63 
48 
32 
38 
57 
62 
52 
46 
48 
50 
60 
58 
61 
66 
37 
15 
229 
229 
229 
225 
221 
216 
191 
153 
124 
100 
135 
139 
102 
89 
100 
108 
90 
90 
89 
87 
107 
121 
123 
109 
104 
97 
78 
62 
79 
81 
84 
72 
55 
57 
48 
58 
65 
68 
50 
47 
54 
64 
61 
64 
60 
50 
53 
57 
52 
35 
19 
35 
61 
62 
48 
55 
53 
48 
54 
50 
54 
74 
71 
30 
228 
228 
228 
225 
224 
216 
195 
152 
112 
119 
147 
120 
99 
93 
103 
107 
89 
93 
76 
81 
99 
101 
104 
99 
97 
87 
85 
81 
92 
95 
81 
82 
56 
52 
54 
55 
64 
64 
54 
50 
70 
57 
55 
67 
61 
65 
72 
72 
64 
47 
27 
25 
40 
49 
48 
45 
50 
57 
52 
46 
49 
67 
75 
49 
227 
225 
223 
221 
220 
212 
183 
117 
109 
141 
124 
102 
103 
97 
86 
88 
93 
92 
81 
86 
116 
138 
133 
108 
84 
86 
103 
109 
103 
109 
95 
90 
67 
61 
51 
66 
64 
59 
56 
69 
83 
62 
69 
71 
72 
77 
89 
89 
78 
46 
42 
48 
39 
40 
47 
44 
54 
64 
58 
54 
50 
69 
76 
54 
223 
219 
219 
218 
215 
204 
159 
113 
137 
139 
111 
87 
80 
80 
80 
82 
84 
81 
87 
95 
136 
147 
139 
117 
105 
88 
112 
114 
93 
113 
113 
94 
66 
61 
52 
61 
62 
54 
58 
77 
82 
72 
79 
85 
70 
64 
56 
58 
54 
47 
46 
46 
42 
46 
45 
43 
49 
61 
52 
56 
49 
52 
71 
53 
219 
217 
216 
214 
212 
196 
150 
119 
129 
134 
109 
96 
89 
84 
77 
83 
73 
66 
81 
97 
90 
86 
73 
65 
64 
73 
100 
111 
79 
117 
104 
92 
70 
65 
51 
53 
57 
51 
63 
87 
74 
74 
75 
83 
51 
32 
49 
16 
61 
81 
65 
40 
30 
31 
40 
49 
47 
43 
51 
47 
40 
42 
69 
57 
216 
216 
216 
213 
207 
183 
117 
117 
123 
115 
107 
93 
88 
80 
80 
81 
62 
54 
95 
145 
132 
57 
45 
79 
48 
49 
58 
105 
102 
91 
87 
72 
77 
72 
61 
54 
63 
63 
67 
93 
80 
66 
73 
58 
42 
57 
48 
27 
93 
101 
82 
53 
39 
23 
28 
41 
39 
44 
44 
46 
47 
49 
65 
58 
223 
222 
220 
216 
204 
157 
117 
127 
112 
92 
86 
103 
86 
83 
84 
68 
53 
79 
109 
162 
163 
126 
34 
53 
62 
40 
22 
87 
121 
102 
91 
77 
76 
64 
57 
61 
65 
65 
61 
83 
81 
77 
75 
24 
14 
25 
18 
66 
106 
108 
94 
81 
67 
49 
27 
33 
39 
41 
37 
42 
44 
44 
55 
51 
228 
230 
226 
217 
186 
139 
132 
128 
97 
79 
86 
101 
84 
100 
90 
78 
115 
135 
136 
159 
172 
152 
92 
32 
18 
15 
26 
66 
110 
101 
89 
83 
75 
73 
56 
62 
67 
69 
58 
68 
74 
62 
42 
6 
9 
25 
62 
99 
112 
108 
96 
86 
85 
90 
70 
44 
40 
41 
29 
27 
35 
39 
49 
48 
232 
233 
228 
206 
167 
135 
134 
120 
88 
77 
81 
89 
86 
90 
90 
99 
158 
156 
146 
160 
173 
156 
134 
109 
91 
76 
58 
82 
100 
106 
104 
95 
79 
76 
66 
70 
69 
67 
66 
68 
67 
53 
27 
33 
52 
74 
89 
96 
112 
108 
95 
90 
95 
110 
109 
82 
52 
41 
38 
33 
38 
36 
48 
50 
235 
235 
229 
200 
158 
144 
137 
118 
84 
62 
57 
73 
77 
70 
80 
137 
175 
165 
154 
148 
165 
158 
149 
143 
140 
130 
111 
100 
90 
112 
113 
97 
87 
82 
77 
63 
68 
70 
69 
71 
54 
45 
42 
71 
80 
83 
94 
112 
111 
98 
85 
88 
93 
108 
123 
110 
89 
60 
32 
36 
41 
34 
44 
49 
235 
233 
224 
171 
137 
130 
113 
82 
81 
70 
57 
71 
70 
80 
118 
163 
186 
177 
167 
156 
156 
161 
158 
149 
150 
143 
141 
124 
90 
102 
108 
99 
103 
83 
76 
72 
74 
78 
66 
58 
47 
53 
72 
81 
89 
92 
102 
118 
106 
91 
95 
105 
103 
108 
123 
121 
108 
100 
65 
41 
37 
33 
36 
33 
234 
231 
201 
162 
152 
127 
92 
80 
84 
63 
74 
92 
105 
134 
153 
171 
182 
176 
172 
158 
150 
152 
160 
150 
145 
154 
145 
130 
119 
108 
101 
114 
107 
98 
91 
86 
90 
88 
83 
71 
68 
76 
83 
84 
86 
94 
100 
102 
96 
89 
101 
109 
112 
112 
120 
117 
105 
101 
94 
66 
44 
43 
40 
32 
235 
225 
206 
172 
154 
122 
104 
94 
82 
69 
105 
132 
139 
138 
151 
172 
182 
185 
177 
152 
136 
138 
136 
136 
138 
152 
139 
125 
129 
128 
123 
123 
118 
106 
100 
91 
101 
91 
97 
104 
86 
82 
80 
81 
84 
90 
88 
91 
88 
90 
104 
107 
110 
115 
126 
125 
113 
107 
99 
76 
55 
52 
50 
33 
234 
222 
198 
182 
167 
148 
127 
103 
87 
91 
126 
147 
136 
137 
149 
170 
175 
174 
181 
174 
163 
142 
131 
134 
149 
149 
145 
131 
136 
137 
128 
127 
117 
105 
100 
101 
96 
106 
110 
102 
87 
85 
85 
82 
84 
82 
74 
75 
88 
105 
112 
108 
98 
113 
124 
121 
104 
105 
104 
86 
67 
54 
42 
32 
232 
222 
205 
179 
162 
143 
114 
106 
91 
102 
124 
140 
142 
148 
162 
171 
168 
176 
191 
185 
186 
176 
150 
138 
155 
147 
147 
144 
144 
140 
130 
125 
113 
107 
102 
97 
94 
100 
99 
99 
90 
86 
83 
72 
76 
85 
95 
107 
110 
118 
123 
115 
113 
111 
118 
121 
106 
102 
101 
80 
62 
53 
63 
40 
234 
219 
197 
167 
147 
128 
115 
93 
85 
97 
126 
153 
159 
156 
161 
178 
178 
186 
191 
188 
189 
184 
170 
176 
165 
142 
147 
149 
154 
144 
126 
118 
109 
100 
96 
99 
95 
92 
100 
104 
95 
89 
84 
77 
82 
96 
113 
123 
132 
132 
128 
116 
109 
115 
109 
113 
115 
105 
96 
86 
66 
47 
55 
48 
232 
219 
186 
168 
156 
157 
127 
112 
100 
102 
138 
152 
145 
152 
181 
190 
184 
186 
187 
193 
184 
187 
196 
199 
173 
149 
155 
161 
157 
144 
121 
100 
106 
101 
98 
99 
97 
96 
111 
109 
100 
79 
80 
78 
90 
109 
121 
127 
129 
132 
129 
119 
106 
108 
118 
109 
115 
115 
95 
74 
71 
47 
50 
41 
229 
205 
178 
178 
179 
171 
153 
132 
97 
97 
125 
149 
171 
182 
186 
176 
182 
182 
179 
181 
186 
193 
201 
203 
179 
163 
160 
169 
169 
154 
134 
114 
102 
97 
106 
100 
95 
94 
100 
106 
97 
85 
77 
75 
93 
127 
127 
122 
130 
134 
128 
121 
120 
109 
108 
103 
108 
121 
115 
66 
51 
48 
39 
36 
227 
209 
196 
198 
186 
174 
154 
133 
106 
103 
133 
173 
181 
173 
160 
178 
184 
180 
176 
171 
187 
199 
203 
204 
185 
173 
171 
170 
169 
161 
145 
121 
105 
95 
95 
94 
97 
93 
99 
103 
107 
99 
88 
89 
104 
127 
132 
131 
130 
131 
132 
119 
117 
115 
118 
113 
104 
102 
107 
90 
59 
41 
38 
35 
225 
221 
217 
201 
192 
178 
173 
139 
120 
107 
142 
163 
159 
155 
176 
186 
180 
175 
168 
165 
185 
201 
202 
201 
190 
175 
177 
177 
166 
156 
133 
113 
95 
91 
97 
96 
94 
96 
93 
94 
107 
110 
103 
104 
109 
130 
131 
132 
135 
133 
130 
119 
111 
130 
128 
128 
116 
113 
106 
90 
70 
50 
44 
46 
228 
226 
208 
196 
197 
198 
177 
137 
118 
112 
124 
140 
149 
160 
173 
184 
173 
169 
162 
160 
180 
203 
199 
195 
196 
195 
183 
176 
163 
146 
121 
102 
92 
92 
100 
101 
94 
84 
83 
94 
105 
114 
117 
112 
115 
127 
129 
127 
132 
136 
132 
119 
115 
131 
130 
133 
120 
116 
103 
79 
67 
59 
60 
48 
228 
215 
195 
206 
212 
203 
166 
141 
123 
97 
111 
135 
146 
165 
181 
182 
174 
174 
172 
159 
180 
199 
191 
191 
206 
203 
198 
176 
146 
124 
107 
107 
97 
87 
95 
95 
86 
75 
73 
84 
96 
111 
121 
118 
119 
127 
125 
128 
131 
135 
129 
129 
130 
132 
130 
136 
128 
106 
93 
78 
63 
68 
78 
72 
221 
205 
209 
220 
215 
202 
155 
139 
111 
104 
112 
121 
151 
167 
184 
184 
180 
179 
174 
158 
170 
190 
186 
190 
212 
210 
201 
179 
143 
103 
105 
109 
91 
82 
89 
87 
81 
70 
68 
82 
107 
115 
117 
124 
131 
129 
130 
128 
130 
128 
130 
130 
132 
141 
139 
138 
129 
113 
90 
74 
63 
69 
70 
63 
218 
214 
222 
224 
215 
181 
152 
142 
119 
109 
112 
115 
139 
149 
171 
178 
176 
175 
172 
159 
161 
175 
190 
199 
210 
212 
198 
162 
131 
105 
112 
117 
98 
87 
98 
101 
91 
73 
75 
96 
102 
121 
127 
127 
135 
126 
124 
130 
128 
120 
123 
130 
135 
144 
141 
133 
128 
114 
93 
76 
64 
64 
65 
51 
225 
227 
227 
223 
196 
166 
168 
157 
129 
122 
117 
118 
129 
131 
147 
150 
154 
152 
156 
154 
145 
156 
190 
199 
210 
211 
201 
165 
134 
134 
141 
139 
114 
102 
114 
114 
110 
99 
103 
106 
104 
122 
130 
129 
134 
129 
118 
126 
126 
114 
114 
123 
129 
136 
130 
124 
115 
110 
98 
79 
79 
60 
63 
50 
229 
228 
226 
212 
181 
177 
174 
147 
127 
118 
105 
111 
123 
126 
132 
138 
135 
117 
117 
136 
139 
150 
189 
196 
205 
208 
204 
179 
165 
172 
167 
138 
108 
90 
77 
95 
99 
94 
105 
115 
111 
126 
131 
128 
127 
121 
102 
113 
118 
114 
113 
110 
110 
114 
120 
117 
98 
95 
100 
84 
81 
68 
56 
42 
230 
228 
225 
207 
187 
178 
157 
138 
119 
120 
112 
115 
117 
126 
129 
134 
126 
118 
110 
121 
143 
153 
181 
188 
200 
203 
201 
190 
185 
173 
128 
87 
64 
54 
46 
47 
42 
37 
59 
102 
116 
123 
122 
122 
120 
108 
90 
108 
131 
127 
116 
109 
107 
101 
107 
117 
109 
101 
92 
82 
80 
76 
58 
37 
232 
230 
225 
203 
195 
168 
137 
137 
131 
130 
122 
122 
128 
125 
131 
130 
136 
124 
121 
130 
148 
166 
184 
182 
196 
199 
197 
191 
179 
119 
92 
73 
65 
46 
37 
32 
23 
20 
18 
60 
115 
123 
122 
120 
122 
115 
95 
123 
138 
131 
115 
105 
111 
108 
96 
111 
115 
106 
99 
79 
74 
74 
68 
44 
235 
234 
224 
213 
204 
160 
137 
130 
142 
131 
135 
133 
130 
128 
132 
138 
142 
135 
135 
137 
147 
171 
183 
181 
200 
201 
197 
194 
149 
91 
77 
57 
53 
37 
26 
23 
19 
13 
15 
32 
107 
124 
125 
116 
123 
127 
105 
126 
139 
127 
98 
93 
106 
113 
108 
105 
112 
104 
93 
78 
70 
75 
73 
55 
235 
233 
230 
226 
202 
173 
147 
150 
143 
138 
130 
127 
127 
127 
136 
142 
147 
144 
143 
141 
148 
167 
177 
181 
201 
202 
198 
199 
150 
82 
65 
38 
30 
18 
15 
15 
11 
13 
16 
31 
115 
126 
121 
126 
135 
133 
108 
138 
141 
127 
103 
108 
112 
110 
114 
109 
98 
96 
96 
73 
62 
66 
69 
47 
235 
234 
233 
225 
210 
183 
164 
152 
145 
130 
134 
123 
122 
124 
133 
136 
147 
140 
141 
137 
145 
148 
159 
175 
200 
188 
193 
198 
156 
78 
47 
28 
28 
21 
21 
22 
18 
19 
27 
39 
126 
130 
123 
127 
136 
125 
121 
143 
130 
118 
100 
110 
112 
109 
115 
105 
99 
86 
78 
79 
59 
59 
61 
38 
234 
234 
233 
230 
213 
189 
172 
151 
150 
134 
134 
121 
114 
129 
127 
137 
140 
139 
142 
134 
134 
136 
139 
157 
187 
178 
181 
192 
183 
91 
45 
10 
20 
31 
28 
21 
6 
13 
28 
69 
137 
133 
123 
107 
124 
93 
108 
124 
103 
109 
102 
104 
107 
98 
101 
94 
89 
77 
75 
70 
61 
56 
56 
41 
233 
233 
234 
233 
215 
191 
166 
163 
155 
151 
142 
125 
128 
135 
129 
129 
126 
139 
138 
137 
132 
137 
132 
131 
159 
181 
177 
190 
196 
130 
35 
11 
17 
39 
39 
19 
7 
9 
26 
115 
142 
131 
113 
110 
114 
99 
119 
116 
107 
108 
105 
97 
96 
86 
82 
77 
73 
63 
62 
57 
59 
52 
52 
36 
232 
232 
233 
231 
218 
207 
179 
184 
175 
167 
155 
156 
150 
142 
130 
115 
133 
141 
144 
145 
144 
143 
133 
126 
127 
168 
181 
186 
189 
185 
100 
32 
39 
65 
69 
54 
29 
35 
102 
150 
140 
131 
123 
114 
89 
104 
116 
111 
119 
105 
94 
90 
84 
74 
71 
66 
73 
66 
56 
50 
53 
43 
38 
32 
235 
234 
233 
231 
223 
216 
199 
196 
182 
187 
193 
181 
157 
149 
135 
133 
137 
137 
138 
141 
148 
143 
141 
128 
130 
143 
180 
179 
177 
164 
151 
113 
91 
77 
69 
80 
92 
105 
113 
122 
136 
138 
129 
113 
102 
97 
100 
97 
104 
98 
84 
74 
81 
71 
68 
68 
71 
64 
58 
44 
54 
48 
50 
44 
236 
233 
230 
229 
225 
219 
212 
204 
207 
210 
197 
173 
154 
150 
147 
149 
140 
128 
128 
137 
143 
144 
147 
129 
134 
126 
141 
161 
161 
128 
107 
88 
82 
74 
60 
78 
75 
76 
80 
109 
134 
134 
118 
113 
116 
106 
99 
101 
92 
88 
79 
68 
77 
79 
68 
69 
68 
55 
51 
52 
57 
53 
55 
43 
235 
231 
229 
228 
228 
222 
222 
216 
218 
213 
192 
175 
159 
154 
147 
145 
126 
114 
122 
131 
135 
143 
147 
135 
134 
121 
116 
128 
147 
142 
105 
77 
56 
52 
40 
47 
55 
76 
104 
124 
123 
124 
125 
117 
119 
115 
108 
104 
97 
85 
83 
70 
68 
83 
67 
64 
64 
61 
48 
56 
53 
40 
50 
49 
236 
235 
233 
232 
233 
228 
227 
222 
221 
213 
209 
190 
172 
165 
151 
137 
124 
100 
119 
126 
128 
133 
139 
133 
122 
109 
122 
122 
132 
150 
155 
151 
118 
93 
87 
92 
113 
132 
142 
145 
140 
134 
128 
123 
125 
122 
117 
96 
83 
69 
79 
79 
79 
75 
64 
58 
67 
69 
61 
60 
56 
35 
34 
37 
175 
177 
176 
175 
173 
173 
172 
170 
170 
168 
159 
151 
140 
134 
117 
104 
85 
76 
95 
99 
83 
82 
95 
98 
88 
86 
96 
100 
92 
104 
103 
122 
122 
111 
106 
105 
110 
112 
115 
111 
103 
104 
99 
93 
91 
93 
82 
68 
59 
59 
63 
67 
69 
66 
55 
46 
49 
52 
47 
47 
47 
34 
25 
23 
